-1.800000000000000000e+02
-1.765384615384615188e+02
-1.730769230769230944e+02
-1.696153846153846132e+02
-1.661538461538461604e+02
-1.626923076923077076e+02
-1.592307692307692264e+02
-1.557692307692307736e+02
-1.523076923076922924e+02
-1.488461538461538396e+02
-1.453846153846153868e+02
-1.419230769230769056e+02
-1.384615384615384812e+02
-1.350000000000000000e+02
-1.315384615384615472e+02
-1.280769230769230944e+02
-1.246153846153846132e+02
-1.211538461538461604e+02
-1.176923076923076934e+02
-1.142307692307692406e+02
-1.107692307692307736e+02
-1.073076923076923066e+02
-1.038461538461538396e+02
-1.003846153846153868e+02
-9.692307692307693401e+01
-9.346153846153846700e+01
-9.000000000000000000e+01
-8.653846153846154721e+01
-8.307692307692308020e+01
-7.961538461538462741e+01
-7.615384615384614619e+01
-7.269230769230769340e+01
-6.923076923076924061e+01
-6.576923076923077360e+01
-6.230769230769230660e+01
-5.884615384615386091e+01
-5.538461538461538680e+01
-5.192307692307691980e+01
-4.846153846153847411e+01
-4.500000000000000000e+01
-4.153846153846155431e+01
-3.807692307692308020e+01
-3.461538461538461320e+01
-3.115384615384616396e+01
-2.769230769230769340e+01
-2.423076923076924771e+01
-2.076923076923077716e+01
-1.730769230769230660e+01
-1.384615384615385913e+01
-1.038461538461538858e+01
-6.923076923076942890e+00
-3.461538461538471445e+00
0.000000000000000000e+00
3.461538461538445688e+00
6.923076923076917133e+00
1.038461538461538858e+01
1.384615384615383427e+01
1.730769230769230660e+01
2.076923076923075229e+01
2.423076923076922284e+01
2.769230769230769340e+01
3.115384615384613909e+01
3.461538461538461320e+01
3.807692307692305889e+01
4.153846153846152589e+01
4.500000000000000000e+01
4.846153846153844569e+01
5.192307692307689138e+01
5.538461538461538680e+01
5.884615384615383249e+01
6.230769230769227818e+01
6.576923076923077360e+01
6.923076923076922640e+01
7.269230769230766498e+01
7.615384615384616041e+01
7.961538461538461320e+01
8.307692307692305178e+01
8.653846153846150457e+01
9.000000000000000000e+01
9.346153846153843858e+01
9.692307692307689138e+01
1.003846153846153868e+02
1.038461538461538396e+02
1.073076923076922782e+02
1.107692307692307736e+02
1.142307692307692264e+02
1.176923076923076650e+02
1.211538461538461604e+02
1.246153846153846132e+02
1.280769230769230660e+02
1.315384615384614904e+02
1.350000000000000000e+02
1.384615384615384528e+02
1.419230769230768772e+02
1.453846153846153868e+02
1.488461538461538396e+02
1.523076923076922924e+02
1.557692307692307736e+02
1.592307692307692264e+02
1.626923076923076792e+02
1.661538461538461036e+02
1.696153846153846132e+02
1.730769230769230660e+02
1.765384615384614904e+02
1.800000000000000000e+02
