2.032255483534278095e+00
2.266345344467470380e+00
2.590002440493024860e+00
2.962357225151359241e+00
3.334997515091958409e+00
3.661427838397748324e+00
3.905228146250220966e+00
4.045142005336240132e+00
4.076382822561880559e+00
4.008538235126731131e+00
3.861221023649859863e+00
3.658886368644007181e+00
3.426049654627212337e+00
3.183684811018908878e+00
2.947086825861858106e+00
2.725109731870025698e+00
2.520502844325504199e+00
2.331029227595850628e+00
2.151082482551611275e+00
1.973550939068642984e+00
1.791683129964612098e+00
1.600699050760969966e+00
1.398904696089471322e+00
1.188133969056122119e+00
9.734680493000769097e-01
7.623426922692563279e-01
5.633019935012104629e-01
3.847418558343931316e-01
2.339713186797638123e-01
1.167981435095446496e-01
3.764630686076386040e-02
0.000000000000000000e+00
6.820906967590162351e-03
6.057234306313820371e-02
1.626338244488269025e-01
3.121684704260489496e-01
5.048162543579073347e-01
7.317977741891847909e-01
9.800130143316008180e-01
1.233466566768459005e+00
1.475906768309449557e+00
1.694084264115235161e+00
1.880705358065364763e+00
2.036126058397879302e+00
2.168145114692577646e+00
2.289816833395224460e+00
2.415822872259713261e+00
2.558394869495046908e+00
2.723905539486133343e+00
2.911007693539501506e+00
3.110697511549162186e+00
3.308101666760533188e+00
3.485341924647546996e+00
3.624652434973281157e+00
3.711035612246593285e+00
3.734051259401690803e+00
3.688685940679290898e+00
3.575498843442385777e+00
3.400309263144464911e+00
3.173597894795436858e+00
2.909634936031301411e+00
2.625242375513275217e+00
2.338127595600076436e+00
2.064892248570548094e+00
1.819043396945214885e+00
1.609488678960449226e+00
1.439977972262841854e+00
1.309729236288944776e+00
1.215110537489672238e+00
1.151880745167785269e+00
1.117268997217577553e+00
1.111196537692003661e+00
1.136217100057157259e+00
1.196179473867969412e+00
1.294045678951813105e+00
1.429580269922878122e+00
1.597669571430533786e+00
1.787831393604404795e+00
1.985115577338156134e+00
2.172199754726547916e+00
2.332177214170628066e+00
2.451394914092981825e+00
2.521744450330055898e+00
2.541991692446587070e+00
2.517971824298436356e+00
2.461695779852659971e+00
2.389561300006696420e+00
2.319929698899688919e+00
2.270346995406912871e+00
2.254699201003891762e+00
2.280628453646645237e+00
2.347600005220009223e+00
2.446063552898378735e+00
2.558134145563757400e+00
2.660065066442605097e+00
2.726465444994961462e+00
2.735756332599517560e+00
2.675862956529685643e+00
2.548774042141617180e+00
2.372546069865041130e+00
2.179719548920524996e+00
2.011939083455501098e+00
1.911643772236319760e+00
1.912684437842818497e+00
2.032255483534278095e+00
