-6.831286164221123158e+01
-6.733342966406675600e+01
-6.597924837429583533e+01
-6.442131595528536536e+01
-6.286218898217389750e+01
-6.149640450946247228e+01
-6.047634402140772636e+01
-5.989094443499182319e+01
-5.976023285571974242e+01
-6.004409460954840938e+01
-6.066046982236763796e+01
-6.150703801891212663e+01
-6.248122683035839486e+01
-6.349528133601553748e+01
-6.448520730591263828e+01
-6.541395946717446463e+01
-6.627003468466074310e+01
-6.706279229705761225e+01
-6.781568947832271022e+01
-6.855848145625544987e+01
-6.931941636954671537e+01
-7.011849375693475395e+01
-7.096280133688030389e+01
-7.184466605878783696e+01
-7.274282826704713045e+01
-7.362617676086408380e+01
-7.445896304450958780e+01
-7.520605866050755139e+01
-7.583688258796252057e+01
-7.632713515287471751e+01
-7.665830643741321637e+01
-7.681581858531865237e+01
-7.678727991056625513e+01
-7.656238390194248211e+01
-7.613535866382476058e+01
-7.550970570505606361e+01
-7.470366737708516780e+01
-7.375397669811110291e+01
-7.271544413335523416e+01
-7.165499446995941923e+01
-7.064062466671191487e+01
-6.972777002426050785e+01
-6.894694736717316630e+01
-6.829666715698192547e+01
-6.774429942544490757e+01
-6.723522495439303270e+01
-6.670801568778401247e+01
-6.611149445135137626e+01
-6.541899780810867071e+01
-6.463616239554937692e+01
-6.380066019699695801e+01
-6.297472121159258052e+01
-6.223314797259331499e+01
-6.165027279739044275e+01
-6.128884558367890634e+01
-6.119254811598197819e+01
-6.138235660951649919e+01
-6.185593142435570968e+01
-6.258892462832221071e+01
-6.353748499349454448e+01
-6.464190601296368754e+01
-6.583180448617110869e+01
-6.703309272532793273e+01
-6.817630941729947835e+01
-6.920494101249987295e+01
-7.008171795254813219e+01
-7.079095074937092136e+01
-7.133591146068570765e+01
-7.173179609646186350e+01
-7.199634954753663862e+01
-7.214116510096030765e+01
-7.216657227161530841e+01
-7.206188623867950582e+01
-7.181100366665506840e+01
-7.140153146458426647e+01
-7.083445473596133013e+01
-7.013116909845329872e+01
-6.933553203447782209e+01
-6.851009500973580657e+01
-6.772733481154277513e+01
-6.705798912122874356e+01
-6.655918226475361621e+01
-6.626483980513769723e+01
-6.618012534412213199e+01
-6.628062447245399369e+01
-6.651608344241512327e+01
-6.681789410609063395e+01
-6.710923272512235371e+01
-6.731668675653612866e+01
-6.738215712831836868e+01
-6.727366913526108760e+01
-6.699346016347813304e+01
-6.658148867999183551e+01
-6.611258532027989077e+01
-6.568610634732279152e+01
-6.540828716345973248e+01
-6.536941408972226952e+01
-6.562000797519844753e+01
-6.615174799299812491e+01
-6.688908582900332078e+01
-6.769587199263517618e+01
-6.839786546014083513e+01
-6.881750104228189002e+01
-6.881314689738429990e+01
-6.831286164221123158e+01
