-1.800000000000000000e+02
-1.759550561797752835e+02
-1.719101123595505669e+02
-1.678651685393258504e+02
-1.638202247191011338e+02
-1.597752808988764173e+02
-1.557303370786516723e+02
-1.516853932584269558e+02
-1.476404494382022392e+02
-1.435955056179775227e+02
-1.395505617977528061e+02
-1.355056179775280896e+02
-1.314606741573033730e+02
-1.274157303370786423e+02
-1.233707865168539399e+02
-1.193258426966292092e+02
-1.152808988764044784e+02
-1.112359550561797761e+02
-1.071910112359550595e+02
-1.031460674157303288e+02
-9.910112359550561223e+01
-9.505617977528089568e+01
-9.101123595505617914e+01
-8.696629213483146259e+01
-8.292134831460674604e+01
-7.887640449438201529e+01
-7.483146067415729874e+01
-7.078651685393258219e+01
-6.674157303370786565e+01
-6.269662921348315621e+01
-5.865168539325842545e+01
-5.460674157303371601e+01
-5.056179775280899236e+01
-4.651685393258426160e+01
-4.247191011235955926e+01
-3.842696629213482851e+01
-3.438202247191012617e+01
-3.033707865168539541e+01
-2.629213483146066466e+01
-2.224719101123596232e+01
-1.820224719101123156e+01
-1.415730337078652745e+01
-1.011235955056179847e+01
-6.067415730337068602e+00
-2.022471910112364490e+00
2.022471910112364490e+00
6.067415730337068602e+00
1.011235955056179847e+01
1.415730337078650258e+01
1.820224719101123156e+01
2.224719101123596232e+01
2.629213483146066466e+01
3.033707865168539541e+01
3.438202247191009775e+01
3.842696629213482851e+01
4.247191011235955926e+01
4.651685393258426160e+01
5.056179775280896393e+01
5.460674157303369469e+01
5.865168539325842545e+01
6.269662921348315621e+01
6.674157303370787986e+01
7.078651685393255377e+01
7.483146067415728453e+01
7.887640449438201529e+01
8.292134831460674604e+01
8.696629213483147680e+01
9.101123595505615071e+01
9.505617977528088147e+01
9.910112359550561223e+01
1.031460674157303430e+02
1.071910112359550737e+02
1.112359550561797477e+02
1.152808988764044784e+02
1.193258426966292092e+02
1.233707865168539399e+02
1.274157303370786707e+02
1.314606741573033446e+02
1.355056179775280896e+02
1.395505617977528061e+02
1.435955056179775227e+02
1.476404494382022676e+02
1.516853932584269558e+02
1.557303370786516723e+02
1.597752808988764173e+02
1.638202247191011338e+02
1.678651685393258504e+02
1.719101123595505385e+02
1.759550561797752835e+02
1.800000000000000000e+02
