-7.478428948777019514e+01
-7.373223494873586503e+01
-7.208784328539655917e+01
-7.009072173976092301e+01
-6.803317490303697923e+01
-6.619878684393408719e+01
-6.480744121237853506e+01
-6.398010290869899563e+01
-6.372996496181559678e+01
-6.397865932452992865e+01
-6.458977641885289245e+01
-6.540868810380776210e+01
-6.629803349538924806e+01
-6.716140168103787289e+01
-6.795223608501886758e+01
-6.866924534162231453e+01
-6.934252755835224491e+01
-7.001575482995458799e+01
-7.072930196219155619e+01
-7.150771898843287033e+01
-7.235313616975621187e+01
-7.324461005293684934e+01
-7.414235077886826275e+01
-7.499522080932858614e+01
-7.574971091024139014e+01
-7.635862289671833025e+01
-7.678786398759888243e+01
-7.702013325752766093e+01
-7.705491977264551906e+01
-7.690509621334470580e+01
-7.659128535748945410e+01
-7.613579877055649092e+01
-7.555803004413331792e+01
-7.487264169911671274e+01
-7.409087622906703530e+01
-7.322420436501971608e+01
-7.228870389153087217e+01
-7.130833056070220266e+01
-7.031566487488653650e+01
-6.934962592910648027e+01
-6.845070971781073865e+01
-6.765517186100856861e+01
-6.698995227702876321e+01
-6.646991195290074472e+01
-6.609819161169986046e+01
-6.586945299791855746e+01
-6.577477567830804617e+01
-6.580640639613586984e+01
-6.596062351659521994e+01
-6.623769387719086410e+01
-6.663901874911881862e+01
-6.716266234311193273e+01
-6.779908268902249802e+01
-6.852876826850196323e+01
-6.932266579340020485e+01
-7.014512384152577340e+01
-7.095809911852911966e+01
-7.172502332835274785e+01
-7.241315434767258807e+01
-7.299419916541793896e+01
-7.344399164016461157e+01
-7.374251438502915335e+01
-7.387530223175734534e+01
-7.383637642336317697e+01
-7.363178130972171687e+01
-7.328207151273075226e+01
-7.282209551282947757e+01
-7.229716853426506873e+01
-7.175592311560849623e+01
-7.124130898613596230e+01
-7.078197791534611838e+01
-7.038642732223252096e+01
-7.004180242569687209e+01
-6.971832403809418111e+01
-6.937910630775195386e+01
-6.899382470923961819e+01
-6.855345734121181067e+01
-6.808237717078853279e+01
-6.764373347639211431e+01
-6.733468102225283758e+01
-6.726984202634002941e+01
-6.755435542910792890e+01
-6.825143933966944587e+01
-6.935253202183521637e+01
-7.075948782194213038e+01
-7.228690212056093856e+01
-7.368812408886067544e+01
-7.470177551293224383e+01
-7.510865289559356484e+01
-7.478428948777019514e+01
