1.531516138630515389e+00
1.773699636454985740e+00
2.143796052924447082e+00
2.592674087999767618e+00
3.059374863304914705e+00
3.483687952178810665e+00
3.817586899888031127e+00
4.032884378570193107e+00
4.123748404795049893e+00
4.104221610403233633e+00
4.002117146110212964e+00
3.851310534850551193e+00
3.684435568912057590e+00
3.527467204205169349e+00
3.396894853848843709e+00
3.299422760474559624e+00
3.233576217807854647e+00
3.192333514899117208e+00
3.165932004871111705e+00
3.144227751876543575e+00
3.118303215960765762e+00
3.081304493416338275e+00
3.028675218069079911e+00
2.958018105364624617e+00
2.868784450840980327e+00
2.761918439945267423e+00
2.639514996238673472e+00
2.504511639930660838e+00
2.360424291120244433e+00
2.211137153912380526e+00
2.060752711344069787e+00
1.913496447816704915e+00
1.773659497812931418e+00
1.645558834528397130e+00
1.533498644181423343e+00
1.441719784120820025e+00
1.374318407441365242e+00
1.335101418478455315e+00
1.327339087020759312e+00
1.353391719473298949e+00
1.414235735634989499e+00
1.508982726485470938e+00
1.634542500845433732e+00
1.785592906639551503e+00
1.954965453914414786e+00
2.134444789893646721e+00
2.315847671219395387e+00
2.492141899892196033e+00
2.658328468213960072e+00
2.811857168901390036e+00
2.952463875945973371e+00
3.081470614131212482e+00
3.200732634269280119e+00
3.311510629938162253e+00
3.413566954159690248e+00
3.504727955658611283e+00
3.581035477566996139e+00
3.637459508862108670e+00
3.668999155449839567e+00
3.671896897654442160e+00
3.644656577064796732e+00
3.588596291543030503e+00
3.507772980878932412e+00
3.408262122985879383e+00
3.296932799133880376e+00
3.179992720458063360e+00
3.061658233335065038e+00
2.943304408180529297e+00
2.823355708074259507e+00
2.697996299442384949e+00
2.562548698617293841e+00
2.413155551908535479e+00
2.248277246841234422e+00
2.069543815973704071e+00
1.881681575447477828e+00
1.691521579321977331e+00
1.506390735881848908e+00
1.332381084105620062e+00
1.173018031080764079e+00
1.028700625015517067e+00
8.970296491045778309e-01
7.738728755420722916e-01
6.548329215428730921e-01
5.367271565078065576e-01
4.187488034734214160e-01
3.031021838581732797e-01
1.950360712760107196e-01
1.023035831393934725e-01
3.415159319980816399e-02
0.000000000000000000e+00
8.018041411384105657e-03
6.382997856869129794e-02
1.695639614677358353e-01
3.233835762568168515e-01
5.195264694345784751e-01
7.487604192178981544e-01
9.991027623492283460e-01
1.256661106338143208e+00
1.506529198830767635e+00
1.733764008128573453e+00
1.924520424010870201e+00
2.067390880788201546e+00
2.154891157570733906e+00
2.184892198371357619e+00
2.161682082842384389e+00
2.096306181358920107e+00
2.005902861959688810e+00
1.911917006559478382e+00
1.837294742611350173e+00
1.802986968922613675e+00
1.824267279053441770e+00
1.907470451541890544e+00
2.047771447249054688e+00
2.228556717736764448e+00
2.422793045067254791e+00
2.596563638378305061e+00
2.714596763237396626e+00
2.747156834909660006e+00
2.677158515851934872e+00
2.505942500908648007e+00
2.256023165086776583e+00
1.969473585795729509e+00
1.701513723423840219e+00
1.510154713337946264e+00
1.444048426779364513e+00
1.531516138630515389e+00
