-6.807594026094048445e+01
-6.706264450604290062e+01
-6.551416109953467526e+01
-6.363605540077953293e+01
-6.168337935690279750e+01
-5.990805339305441635e+01
-5.851102019583903768e+01
-5.761021554503287234e+01
-5.723004045930807138e+01
-5.731174056704342945e+01
-5.773894564564542975e+01
-5.836992050715585378e+01
-5.906812536464251195e+01
-5.972488100257613297e+01
-6.027119571646699825e+01
-6.067901895514500410e+01
-6.095452088966249704e+01
-6.112708035863265366e+01
-6.123754427658982991e+01
-6.132835487111910311e+01
-6.143682312939071721e+01
-6.159162578451660153e+01
-6.181182667256953067e+01
-6.210745603212497201e+01
-6.248080964265189863e+01
-6.292793703223956214e+01
-6.344007304070795072e+01
-6.400492708350067517e+01
-6.460778855092345907e+01
-6.523240593300116075e+01
-6.586161444070697257e+01
-6.647773464730546777e+01
-6.706281244612125647e+01
-6.759878562130374746e+01
-6.806764545771548569e+01
-6.845164820820905049e+01
-6.873365556823588918e+01
-6.889773945005670441e+01
-6.893021704487570389e+01
-6.882121283069427875e+01
-6.856664146707376517e+01
-6.817022005735535117e+01
-6.764487796143326648e+01
-6.701288306359067803e+01
-6.630422832579264991e+01
-6.555328678405554399e+01
-6.479429712858861024e+01
-6.405668207582161244e+01
-6.336135747396335205e+01
-6.271899339028714593e+01
-6.213069492801260907e+01
-6.159093073544556773e+01
-6.109193844318789246e+01
-6.062844330930929004e+01
-6.020143964876641718e+01
-5.982002201849493161e+01
-5.950075134683024913e+01
-5.926467319989149729e+01
-5.913271131856843255e+01
-5.912058716518437507e+01
-5.923456066653145058e+01
-5.946911690115452132e+01
-5.980728163297310829e+01
-6.022363506239764064e+01
-6.068943695339440580e+01
-6.117871424257402424e+01
-6.167382573669664936e+01
-6.216901814114322633e+01
-6.267088350238785921e+01
-6.319538726810362306e+01
-6.376210002995580339e+01
-6.438716095578524801e+01
-6.507701178418683696e+01
-6.582483245893658363e+01
-6.661084807329831392e+01
-6.740647749708740832e+01
-6.818106494604090528e+01
-6.890912132907264720e+01
-6.957589634292864389e+01
-7.017972036990563822e+01
-7.073063173311700780e+01
-7.124591967370253087e+01
-7.174398284123518010e+01
-7.223813736214189873e+01
-7.273175879123776610e+01
-7.321562424770796440e+01
-7.366777286275173253e+01
-7.405576559311533913e+01
-7.434091351902256406e+01
-7.448380378497056142e+01
-7.445025629970533032e+01
-7.421673915463915705e+01
-7.377434817018955471e+01
-7.313076690191203966e+01
-7.231010503685628521e+01
-7.135099019096287520e+01
-7.030355782730138969e+01
-6.922593371605177026e+01
-6.818048561706262944e+01
-6.722973517496060936e+01
-6.643161033090908063e+01
-6.583384033975272587e+01
-6.546773918169461126e+01
-6.534221482698480088e+01
-6.543932595035802535e+01
-6.571285872216483881e+01
-6.609110621053122259e+01
-6.648434302952570363e+01
-6.679656258188467177e+01
-6.694010630699834508e+01
-6.685106948941096050e+01
-6.650294741571929080e+01
-6.591592804968051666e+01
-6.515952247795993912e+01
-6.434683768440916651e+01
-6.361978152199573344e+01
-6.312593092758529423e+01
-6.298969958770854305e+01
-6.328257255464606601e+01
-6.399894036116877771e+01
-6.504460286224748700e+01
-6.624352630200122860e+01
-6.736467036616521398e+01
-6.816531646436459368e+01
-6.844190516732570018e+01
-6.807594026094048445e+01
