-9.233809052461552369e+01
-9.135481954224128742e+01
-8.985024158983189579e+01
-8.804943470366384872e+01
-8.624974174192146847e+01
-8.474644368989798693e+01
-8.378108753090417338e+01
-8.347891805511025609e+01
-8.376071242743957157e+01
-8.442253211493270726e+01
-8.524039369035827463e+01
-8.602349509680081496e+01
-8.665099326587136375e+01
-8.708758449953721481e+01
-8.737542573150220448e+01
-8.758277411071932761e+01
-8.798786668550894774e+01
-8.866261631163627044e+01
-8.935513934356411880e+01
-8.999331636258091294e+01
-9.048472793543858472e+01
-9.075677594526020187e+01
-9.080950014742096243e+01
-9.071481958644119459e+01
-9.060247730381568942e+01
-9.062867999828715426e+01
-9.089730367143009460e+01
-9.140220148956264268e+01
-9.202039129386771776e+01
-9.254260889546559099e+01
-9.271143610913169653e+01
-9.233809052461552369e+01
