-5.630166038983960419e+01
-5.631735244696488252e+01
-5.547813041664813483e+01
-5.386263293979974520e+01
-5.165699149967620230e+01
-4.911161300020149412e+01
-4.648926178131561926e+01
-4.401790241237218027e+01
-4.185861385430991533e+01
-4.009328506495138100e+01
-3.873092010265462193e+01
-3.772704974346790152e+01
-3.700886960373784973e+01
-3.649919165715704139e+01
-3.613431804464869401e+01
-3.587354325398918320e+01
-3.570037423713183955e+01
-3.561728328147436429e+01
-3.563673289227730123e+01
-3.577137658926455543e+01
-3.602587935515715856e+01
-3.639191695328685938e+01
-3.684686343914700757e+01
-3.735574448351020038e+01
-3.787544635211826005e+01
-3.836000950967317635e+01
-3.876601084088189708e+01
-3.905734583324672826e+01
-3.920896878681465836e+01
-3.920926490909454998e+01
-3.906079068626640094e+01
-3.877927423309337485e+01
-3.839109734589999334e+01
-3.792991061696513100e+01
-3.743335153123049963e+01
-3.694080502855796766e+01
-3.649267803803707011e+01
-3.613087915344377166e+01
-3.589942349109894337e+01
-3.584368693635559566e+01
-3.600705166011087499e+01
-3.642451343050476709e+01
-3.711401479578263718e+01
-3.806743615237552092e+01
-3.924392672662023074e+01
-4.056831806942901153e+01
-4.193664581959733084e+01
-4.322940950985060482e+01
-4.433137436295420741e+01
-4.515481731766684703e+01
-4.566155648999115613e+01
-4.587830710696979253e+01
-4.590025494047384313e+01
-4.587945993770599529e+01
-4.599775309727896655e+01
-4.642772730992465569e+01
-4.728936386248724233e+01
-4.861256993050019304e+01
-5.031621922204808328e+01
-5.221146853253654996e+01
-5.403140557581912873e+01
-5.548185387755592757e+01
-5.630166038983960419e+01
