-1.800000000000000000e+02
-1.747826086956521578e+02
-1.695652173913043441e+02
-1.643478260869565304e+02
-1.591304347826086882e+02
-1.539130434782608745e+02
-1.486956521739130608e+02
-1.434782608695652186e+02
-1.382608695652174049e+02
-1.330434782608695627e+02
-1.278260869565217206e+02
-1.226086956521739211e+02
-1.173913043478260931e+02
-1.121739130434782510e+02
-1.069565217391304373e+02
-1.017391304347826093e+02
-9.652173913043478137e+01
-9.130434782608695343e+01
-8.608695652173912549e+01
-8.086956521739131176e+01
-7.565217391304348382e+01
-7.043478260869564167e+01
-6.521739130434784215e+01
-6.000000000000000711e+01
-5.478260869565217916e+01
-4.956521739130434412e+01
-4.434782608695650907e+01
-3.913043478260870245e+01
-3.391304347826087451e+01
-2.869565217391303946e+01
-2.347826086956523284e+01
-1.826086956521740134e+01
-1.304347826086956808e+01
-7.826086956521735694e+00
-2.608695652173903312e+00
2.608695652173903312e+00
7.826086956521735694e+00
1.304347826086956808e+01
1.826086956521737648e+01
2.347826086956520797e+01
2.869565217391303946e+01
3.391304347826087451e+01
3.913043478260870245e+01
4.434782608695650907e+01
4.956521739130431570e+01
5.478260869565217916e+01
5.999999999999998579e+01
6.521739130434784215e+01
7.043478260869564167e+01
7.565217391304345540e+01
8.086956521739131176e+01
8.608695652173912549e+01
9.130434782608698185e+01
9.652173913043478137e+01
1.017391304347825951e+02
1.069565217391304515e+02
1.121739130434782510e+02
1.173913043478260647e+02
1.226086956521739211e+02
1.278260869565217206e+02
1.330434782608695343e+02
1.382608695652174049e+02
1.434782608695651902e+02
1.486956521739130608e+02
1.539130434782608745e+02
1.591304347826086598e+02
1.643478260869565304e+02
1.695652173913043441e+02
1.747826086956521863e+02
1.800000000000000000e+02
