2.878835290605059605e-01
2.952047061686368656e-01
4.616623894854548493e-01
7.302347887053157738e-01
1.021751807959857983e+00
1.255067257775104750e+00
1.367090943744706744e+00
1.327126829616829262e+00
1.142392788401155768e+00
8.543001107154667428e-01
5.276455777906104982e-01
2.353665942703771774e-01
4.369936325476456856e-02
0.000000000000000000e+00
1.251232751278842370e-01
4.113565847870549463e-01
8.252991330614334320e-01
1.314424686536869613e+00
1.816158449569346356e+00
2.267935521806779153e+00
2.616816232234917550e+00
2.826460767536175478e+00
2.882903500476991177e+00
2.798254934848653175e+00
2.604949509935031049e+00
2.351723329631021819e+00
2.095057210005399906e+00
1.888901948254554375e+00
1.774302249187282410e+00
1.771029480992586169e+00
1.872273696121895314e+00
2.044682551311869378e+00
2.234131954665655506e+00
2.376595315417365573e+00
2.413072151795464748e+00
2.304579472149205444e+00
2.043850417764166316e+00
1.660180994007878441e+00
1.215000888790442213e+00
7.882760364150731558e-01
4.596762842578245301e-01
2.878835290605059605e-01
