-1.800000000000000000e+02
-1.753846153846153868e+02
-1.707692307692307452e+02
-1.661538461538461604e+02
-1.615384615384615472e+02
-1.569230769230769340e+02
-1.523076923076922924e+02
-1.476923076923076792e+02
-1.430769230769230944e+02
-1.384615384615384812e+02
-1.338461538461538396e+02
-1.292307692307692264e+02
-1.246153846153846132e+02
-1.200000000000000142e+02
-1.153846153846153726e+02
-1.107692307692307736e+02
-1.061538461538461604e+02
-1.015384615384615330e+02
-9.692307692307693401e+01
-9.230769230769230660e+01
-8.769230769230770761e+01
-8.307692307692308020e+01
-7.846153846153846700e+01
-7.384615384615385381e+01
-6.923076923076924061e+01
-6.461538461538462741e+01
-6.000000000000000711e+01
-5.538461538461538680e+01
-5.076923076923076650e+01
-4.615384615384614619e+01
-4.153846153846155431e+01
-3.692307692307693401e+01
-3.230769230769231370e+01
-2.769230769230769340e+01
-2.307692307692307310e+01
-1.846153846153848122e+01
-1.384615384615385913e+01
-9.230769230769240608e+00
-4.615384615384620304e+00
0.000000000000000000e+00
4.615384615384594547e+00
9.230769230769213962e+00
1.384615384615383427e+01
1.846153846153845279e+01
2.307692307692307310e+01
2.769230769230769340e+01
3.230769230769228528e+01
3.692307692307690559e+01
4.153846153846152589e+01
4.615384615384614619e+01
5.076923076923074518e+01
5.538461538461538680e+01
5.999999999999998579e+01
6.461538461538462741e+01
6.923076923076922640e+01
7.384615384615381117e+01
7.846153846153846700e+01
8.307692307692305178e+01
8.769230769230770761e+01
9.230769230769229239e+01
9.692307692307689138e+01
1.015384615384615330e+02
1.061538461538461320e+02
1.107692307692307736e+02
1.153846153846153726e+02
1.199999999999999716e+02
1.246153846153846132e+02
1.292307692307691980e+02
1.338461538461538396e+02
1.384615384615384528e+02
1.430769230769230376e+02
1.476923076923076792e+02
1.523076923076922924e+02
1.569230769230769340e+02
1.615384615384615188e+02
1.661538461538461036e+02
1.707692307692307452e+02
1.753846153846153584e+02
1.800000000000000000e+02
