-7.790932067045868337e+01
-7.743993302813275648e+01
-7.635143303055515673e+01
-7.481018672293043892e+01
-7.304260840937023147e+01
-7.128750363472936158e+01
-6.975141476883057123e+01
-6.857776247649974266e+01
-6.783522979187068813e+01
-6.752459896232043945e+01
-6.759832532997234011e+01
-6.798487141762494446e+01
-6.861039110686216702e+01
-6.941292278118461923e+01
-7.034754476543149337e+01
-7.138380209229865159e+01
-7.249843577932067262e+01
-7.366688601019555449e+01
-7.485646145190281686e+01
-7.602292203316648056e+01
-7.711096197429549193e+01
-7.805803456120489159e+01
-7.880030586330980213e+01
-7.927929926525948190e+01
-7.944793626717807911e+01
-7.927507413646308976e+01
-7.874814521994316863e+01
-7.787397327937236469e+01
-7.667815951440076105e+01
-7.520352517274557158e+01
-7.350797388870682880e+01
-7.166188405878789069e+01
-6.974490863031583388e+01
-6.784199538261538009e+01
-6.603861694028597640e+01
-6.441555807451084092e+01
-6.304396856464898491e+01
-6.198153219049032714e+01
-6.127038389307106314e+01
-6.093685915525549746e+01
-6.099249939767967987e+01
-6.143527786474167129e+01
-6.225000796203902809e+01
-6.340740982345874954e+01
-6.486215526321998937e+01
-6.655102719369365616e+01
-6.839274533696453773e+01
-7.029081094740836022e+01
-7.213994735894723931e+01
-7.383562973601321744e+01
-7.528518573936379710e+01
-7.641834233882873662e+01
-7.719506352544951255e+01
-7.760904370215318693e+01
-7.768611585762626248e+01
-7.747786034647442932e+01
-7.705162968212677299e+01
-7.647886504362391236e+01
-7.582387008408188933e+01
-7.513509636810603354e+01
-7.444051948842796662e+01
-7.374794373395026525e+01
-7.305020310785022275e+01
-7.233436391271833088e+01
-7.159327547126740399e+01
-7.083720833639978309e+01
-7.010290184377572587e+01
-6.945721452905659987e+01
-6.899293594786698236e+01
-6.881543529704852347e+01
-6.902083473871068975e+01
-6.966910483106734375e+01
-7.075819862440334873e+01
-7.220698268287027588e+01
-7.385418693294508330e+01
-7.547733875651249491e+01
-7.683016860486991106e+01
-7.769089094843266707e+01
-7.790932067045868337e+01
