3.677379533268154144e-01
4.799242923148476225e-01
7.400820355217309077e-01
1.108448743845038331e+00
1.530910099858472151e+00
1.950390208520247803e+00
2.317524258687262861e+00
2.598033888785453271e+00
2.775503459681498697e+00
2.849746009765210086e+00
2.832124984991811534e+00
2.739738252761265258e+00
2.590235458966517967e+00
2.398425785371285812e+00
2.175045770015914481e+00
1.927374324779977721e+00
1.660970479889437357e+00
1.381704172318958923e+00
1.097388818182424064e+00
8.185980482819308346e-01
5.585502612052072324e-01
3.321944803951212832e-01
1.547873814216723098e-01
4.030521078360353726e-02
0.000000000000000000e+00
4.131504080186169936e-02
1.672540743869288804e-01
3.761861825539470350e-01
6.619925317345406457e-01
1.014438598095723565e+00
1.419685080896570195e+00
1.860911139672607018e+00
2.319079263112391320e+00
2.773886444685157215e+00
3.204904236828896469e+00
3.592824615838249969e+00
3.920642376321485045e+00
4.174570764026709568e+00
4.344539286354448748e+00
4.424253611836181044e+00
4.410955274736711118e+00
4.305128681270652180e+00
4.110403514612583464e+00
3.833777830716856627e+00
3.486085325993807160e+00
3.082435247008705304e+00
2.642254046418150537e+00
2.188605477956433898e+00
1.746651268697619441e+00
1.341373453911295810e+00
9.949212542577154927e-01
7.240903270433418637e-01
5.384495080613208584e-01
4.395058711818575770e-01
4.210851839272984343e-01
4.708594456748684820e-01
5.727310193717271014e-01
7.096250534307281255e-01
8.661726059025309787e-01
1.030793474921616992e+00
1.196801333353277208e+00
1.362330911383320631e+00
1.529094923357518176e+00
1.700184597146211285e+00
1.877308985638306504e+00
2.058013367776839520e+00
2.233516831597120778e+00
2.387839803566318864e+00
2.498805047636495136e+00
2.541228721350276221e+00
2.492137076593543998e+00
2.337196805953808632e+00
2.076897142154572329e+00
1.730629441756166953e+00
1.336938177397943406e+00
9.489955809430171696e-01
6.256614871673441547e-01
4.199439098339894927e-01
3.677379533268154144e-01
