5.426936627331080398e-01
7.941407322919823430e-01
1.187159772287036175e+00
1.664483277458077337e+00
2.156248773807012409e+00
2.594678042235045723e+00
2.927217629126908083e+00
3.124956229432725330e+00
3.184740633563556855e+00
3.125301254329730050e+00
2.979240763334757514e+00
2.783516173240381697e+00
2.570957523244806531e+00
2.364607574476014662e+00
2.175593615589543894e+00
2.004224290397515151e+00
1.843305978559577785e+00
1.682400798922306651e+00
1.511858941313088511e+00
1.325812806934189458e+00
1.123753251168572387e+00
9.106858794714793870e-01
6.961206964094780458e-01
4.922798669495537238e-01
3.119524049723061410e-01
1.664189474013357539e-01
6.382786449489402658e-02
8.314176653407775314e-03
0.000000000000000000e+00
3.580869008145632498e-02
1.108112846931321588e-01
2.196751917038786139e-01
3.577652314799715794e-01
5.215769774208427467e-01
7.084234090770754610e-01
9.155629559335092260e-01
1.139152935256846799e+00
1.373467784881289733e+00
1.610720577858265390e+00
1.841609427232083762e+00
2.056455558038905451e+00
2.246593669129290038e+00
2.405584965491576188e+00
2.529877585981064492e+00
2.618720879767126863e+00
2.673390720537036636e+00
2.696019143006088026e+00
2.688459220007086259e+00
2.651600443606668023e+00
2.585379038110577010e+00
2.489460091665081087e+00
2.364306269008983108e+00
2.212198155741639916e+00
2.037799116669109623e+00
1.848053054312933430e+00
1.651480863078333083e+00
1.457175108536424180e+00
1.273875823205729230e+00
1.109408562374027518e+00
9.705355179798230703e-01
8.630325364438115043e-01
7.916838880536246625e-01
7.599468309962174040e-01
7.692503224862193845e-01
8.181497282322662823e-01
9.017323756966459936e-01
1.011669278158709773e+00
1.137129837089017714e+00
1.266490596806171709e+00
1.389486325647599552e+00
1.499269086352629232e+00
1.593807947039435513e+00
1.676175274127305714e+00
1.753488464280912540e+00
1.834563447632305166e+00
1.926647959705043212e+00
2.031898286671536269e+00
2.144489149583409748e+00
2.249327508664771713e+00
2.323192817971482249e+00
2.338689709920049875e+00
2.270689374650475489e+00
2.104082321456996585e+00
1.840914854400167888e+00
1.504644347682454253e+00
1.139583568853867135e+00
8.046834808281174700e-01
5.624149760308975177e-01
4.651689476701611481e-01
5.426936627331080398e-01
