0.0 -179.9919615701225
0.001 -179.96978586981604
0.002 -179.94701246742656
0.003 -179.93549445583932
0.004 -179.93688752437757
0.005 -179.93710591367804
0.006 -179.9228821867706
0.007 -179.90119916889518
0.008 -179.8757143289671
0.009000000000000001 -179.84611839370444
0.01 -179.81146077148895
0.011 -179.76304028014457
0.012 -179.71515284460833
0.013000000000000001 -179.6791044094669
0.014 -179.64585652027026
0.015 -179.62089514585278
0.016 -179.58742654193307
0.017 -179.52975644685836
0.018000000000000002 -179.46702527926308
0.019 -179.41217095852178
0.02 -179.3606507538841
0.021 -179.31724213385147
0.022 -179.278316573272
0.023 -179.23544530067548
0.024 -179.18273547160913
0.025 -179.13179467260105
0.026000000000000002 -179.0827807789122
0.027 -179.0193202166833
0.028 -178.9586475682183
0.029 -178.91460558711222
0.03 -178.88283855750396
0.031 -178.85755537172156
0.032 -178.8462790585222
0.033 -178.8324543536757
0.034 -178.8156693460315
0.035 -178.81452671477882
0.036000000000000004 -178.8036620096004
0.037 -178.76864898247638
0.038 -178.71367310063025
0.039 -178.6391284222128
0.04 -178.546047377877
0.041 -178.43413397924107
0.042 -178.3242542605113
0.043000000000000003 -178.21744409626677
0.044 -178.1040398626938
0.045 -177.98339426692044
0.046 -177.86096498327305
0.047 -177.74396585249724
0.048 -177.6312757583772
0.049 -177.5144656953158
0.05 -177.3866963994832
0.051000000000000004 -177.2505427244199
0.052000000000000005 -177.11245016221906
0.053 -176.9917365121063
0.054 -176.88538400748013
0.055 -176.77498166027712
0.056 -176.6592235935435
0.057 -176.5619883937212
0.058 -176.49185712084952
0.059000000000000004 -176.42846519212458
0.06 -176.37578010345715
0.061 -176.33062095362547
0.062 -176.28989212304833
0.063 -176.26486071110327
0.064 -176.24164376621582
0.065 -176.21962777726503
0.066 -176.18202257153214
0.067 -176.11706539248163
0.068 -176.03116431841835
0.069 -175.90935675570833
0.07 -175.77026184345627
0.07100000000000001 -175.62562950706067
0.07200000000000001 -175.4671267451795
0.073 -175.30695779856197
0.074 -175.13362528683444
0.075 -174.92719611079391
0.076 -174.69714757836653
0.077 -174.47214242564198
0.078 -174.2680706739347
0.079 -174.0786710976818
0.08 -173.9044108350869
0.081 -173.74574481572887
0.082 -173.60468279420138
0.083 -173.4760677214968
0.084 -173.3455559510778
0.085 -173.20665944671
0.08600000000000001 -173.05488484472951
0.08700000000000001 -172.90801472115967
0.088 -172.780774704268
0.089 -172.67725553053032
0.09 -172.58471095999556
0.091 -172.51148841918558
0.092 -172.45097161208616
0.093 -172.37847697647263
0.094 -172.2837054680295
0.095 -172.13838399949927
0.096 -171.92860507227786
0.097 -171.65548967932224
0.098 -171.34599199072142
0.099 -171.02160683197351
0.1 -170.6925699447998
0.101 -170.3644214518605
0.10200000000000001 -170.05412564756944
0.10300000000000001 -169.76914520087297
0.10400000000000001 -169.46138148751672
0.105 -169.10597903744468
0.106 -168.72088697529915
0.107 -168.29606262829287
0.108 -167.82056571931457
0.109 -167.32989593170407
0.11 -166.85909003967097
0.111 -166.42220782827474
0.112 -166.03793163255273
0.113 -165.72118193177346
0.114 -165.45868160597564
0.115 -165.2163991849489
0.116 -164.97757179866605
0.117 -164.73359025513432
0.11800000000000001 -164.46706605534786
0.11900000000000001 -164.16981246721238
0.12 -163.84198384280415
0.121 -163.5119211234705
0.122 -163.20566241421292
0.123 -162.938935781724
0.124 -162.71255136795946
0.125 -162.50192498450488
0.126 -162.2694920655972
0.127 -161.99292212194456
0.128 -161.67597427548532
0.129 -161.31283756606743
0.13 -160.89720374180231
0.131 -160.4208791128875
0.132 -159.91058457455054
0.133 -159.40493340021365
0.134 -158.910164141765
0.135 -158.42943936160398
0.136 -157.9472567086217
0.137 -157.44635555450438
0.138 -156.90452746017573
0.139 -156.32299246306508
0.14 -155.73434322748946
0.14100000000000001 -155.13013348384519
0.14200000000000002 -154.51852557140234
0.14300000000000002 -153.9259206571324
0.14400000000000002 -153.38406656910496
0.145 -152.90438936986712
0.146 -152.45386182830762
0.147 -151.99419280843176
0.148 -151.49863710318354
0.149 -150.9491726793314
0.15 -150.34120307064399
0.151 -149.68840167473516
0.152 -149.01158410157558
0.153 -148.31694097841847
0.154 -147.63454663243942
0.155 -147.00110698043665
0.156 -146.39069475192076
0.157 -145.7745029075625
0.158 -145.11343532245098
0.159 -144.36944600650136
0.16 -143.54760088806688
0.161 -142.65997337842575
0.162 -141.718355709067
0.163 -140.74583962462322
0.164 -139.75644843938588
0.165 -138.76141075312208
0.166 -137.77647898828
0.167 -136.81336979639872
0.168 -135.87519381911278
0.169 -134.94098351698514
0.17 -133.9821156785794
0.171 -132.9929491844936
0.17200000000000001 -131.9813159365356
0.17300000000000001 -130.96968173637165
0.17400000000000002 -129.98957830086454
0.17500000000000002 -129.06490175400572
0.176 -128.2014768587108
0.177 -127.3978562023946
0.178 -126.62982379491305
0.179 -125.86020544017404
0.18 -125.04990039675933
0.181 -124.15995045147713
0.182 -123.17307621350788
0.183 -122.07741467221432
0.184 -120.88369819265677
0.185 -119.59866802825461
0.186 -118.26632232411899
0.187 -116.94373966880511
0.188 -115.62506071141598
0.189 -114.29036170622645
0.19 -112.91654984904542
0.191 -111.47985649786237
0.192 -109.96721667095352
0.193 -108.35761627706474
0.194 -106.68341018701838
0.195 -105.00207974612498
0.196 -103.36539225437397
0.197 -101.83843774035884
0.198 -100.43336653625745
0.199 -99.13429250023407
0.2 -97.94232236350332
0.201 -96.81379137994104
0.202 -95.7070034397354
0.203 -94.60799322892737
0.20400000000000001 -93.50387346965455
0.20500000000000002 -92.40744773701049
0.20600000000000002 -91.30036756563356
0.20700000000000002 -90.1499986448644
0.20800000000000002 -88.97603196500204
0.209 -87.81012018892886
0.21 -86.64000648969049
0.211 -85.45911569171616
0.212 -84.2318279835959
0.213 -82.88666135245712
0.214 -81.39119843223156
0.215 -79.75302462215896
0.216 -77.9807208000942
0.217 -76.06908381007821
0.218 -74.08487488653863
0.219 -72.0915817455873
0.22 -70.07879618831092
0.221 -68.08409315194248
0.222 -66.13591197398125
0.223 -64.21270686899248
0.224 -62.32142285955248
0.225 -60.459500720321415
0.226 -58.617556329952905
0.227 -56.815931694683904
0.228 -55.10303464286463
0.229 -53.530005421946925
0.23 -52.11379364229546
0.231 -50.86513238341593
0.232 -49.76799223573002
0.233 -48.781450106014134
0.234 -47.86948292734275
0.23500000000000001 -46.983821755873045
0.23600000000000002 -46.090814634338805
0.23700000000000002 -45.148036731897506
0.23800000000000002 -44.13543705472788
0.23900000000000002 -43.064460696661826
0.24 -41.92459074445243
0.241 -40.72606612062501
0.242 -39.49730827672628
0.243 -38.23747795181398
0.244 -36.899530990215816
0.245 -35.4254571420838
0.246 -33.778038541100244
0.247 -31.975829304944664
0.248 -30.039655013327515
0.249 -27.989629425506624
0.25 -25.895634221390242
0.251 -23.83501951365405
0.252 -21.84629600044269
0.253 -19.99198117261253
0.254 -18.298034101163694
0.255 -16.733572984761967
0.256 -15.28859284416259
0.257 -13.948892239092384
0.258 -12.705537176952195
0.259 -11.55574768698869
0.26 -10.4976822227894
0.261 -9.527027332718042
0.262 -8.681827708028493
0.263 -7.968223189673479
0.264 -7.3754489729877895
0.265 -6.855239822843188
0.266 -6.327768894337679
0.267 -5.721839508403602
0.268 -4.95162636463582
0.269 -3.9610375198598504
0.27 -2.720900359327187
0.271 -1.2285909253631468
0.272 0.4863873768000188
0.273 2.375732144518437
0.274 4.3903403505400895
0.275 6.507056555670061
0.276 8.716902023833974
0.277 11.031988586967879
0.278 13.462953257643312
0.279 15.98783712567775
0.28 18.59002458494513
0.281 21.25087586728755
0.28200000000000003 23.912497439575812
0.28300000000000003 26.47582346635834
0.28400000000000003 28.86515372232594
0.28500000000000003 31.025990046020198
0.28600000000000003 32.95182060120446
0.28700000000000003 34.68482883975497
0.28800000000000003 36.25811451792091
0.289 37.72745387083293
0.29 39.15642066852217
0.291 40.57139108528379
0.292 42.01351598445261
0.293 43.54617452058154
0.294 45.191198940344
0.295 46.93840538175142
0.296 48.77383169145242
0.297 50.70833178534218
0.298 52.80093409851267
0.299 55.100235605958
0.3 57.62142589379854
0.301 60.387343208872394
0.302 63.37361533542903
0.303 66.50551341101716
0.304 69.72398072309898
0.305 72.94694752107009
0.306 76.0600042939699
0.307 79.01940710269785
0.308 81.82511188729829
0.309 84.46657636897419
0.31 86.9649339364054
0.311 89.34991041341802
0.312 91.61765752225868
0.313 93.7820501268866
0.314 95.86344831113796
0.315 97.85448258017654
0.316 99.73935252758228
0.317 101.49301794591418
0.318 103.106633837232
0.319 104.60596076740835
0.32 106.0270701025161
0.321 107.40881659825503
0.322 108.80694931377766
0.323 110.25197434894359
0.324 111.76167268592212
0.325 113.34112035446336
0.326 114.97334314733239
0.327 116.63114459723751
0.328 118.29345851675498
0.329 119.9625832025422
0.33 121.68180307406203
0.331 123.47325301483217
0.332 125.32548583849731
0.333 127.244110508556
0.334 129.23035391565188
0.335 131.24849655529954
0.336 133.27621067146973
0.337 135.28330427305272
0.338 137.2422094315986
0.339 139.13982089617284
0.34 140.95549280468165
0.341 142.70139726086109
0.342 144.38192956187282
0.343 146.01310184242467
0.34400000000000003 147.61356187058104
0.34500000000000003 149.1916415442025
0.34600000000000003 150.75021755439684
0.34700000000000003 152.27387816667374
0.34800000000000003 153.75030427070507
0.34900000000000003 155.16171249828886
0.35000000000000003 156.50823577865006
0.35100000000000003 157.79449212854098
0.352 159.01343060089548
0.353 160.20443410999144
0.354 161.4323995741004
0.355 162.73537075588615
0.356 164.14139861247264
0.357 165.6293126157319
0.358 167.16404671226462
0.359 168.73324563183152
0.36 170.31671587371062
0.361 171.9341960803036
0.362 173.56859697161826
0.363 175.1968034360876
0.364 176.83873007040862
0.365 178.5103225940795
0.366 -179.79016891050424
0.367 -178.0723323197918
0.368 -176.3549140857184
0.369 -174.66797591445595
0.37 -173.02324334331956
0.371 -171.4315434043169
0.372 -169.92962332059423
0.373 -168.5304346076635
0.374 -167.19788722626484
0.375 -165.8963709449761
0.376 -164.59550084431882
0.377 -163.2929132982819
0.378 -161.98482127951462
0.379 -160.64730108105366
0.38 -159.2777318622459
0.381 -157.90796411623788
0.382 -156.57226429452453
0.383 -155.27864225421297
0.384 -154.01475265340594
0.385 -152.7517518709739
0.386 -151.457958141054
0.387 -150.11403021876768
0.388 -148.71564467664672
0.389 -147.27502615238572
0.39 -145.81137737042258
0.391 -144.3460230442147
0.392 -142.91037454212878
0.393 -141.52658146387822
0.394 -140.21092673694324
0.395 -138.94671500807843
0.396 -137.68702900466775
0.397 -136.40973784315045
0.398 -135.08124925399244
0.399 -133.65975921390813
0.4 -132.1523895653838
0.401 -130.5849608973702
0.402 -128.98805402729113
0.403 -127.38542106918725
0.404 -125.78646660753127
0.405 -124.20316967447532
0.406 -122.62027288252621
0.40700000000000003 -121.01050542741848
0.40800000000000003 -119.36889393095274
0.40900000000000003 -117.6786944523317
0.41000000000000003 -115.92201511493127
0.41100000000000003 -114.11624545006302
0.41200000000000003 -112.26694983227263
0.41300000000000003 -110.39737433608852
0.41400000000000003 -108.55905774202898
0.41500000000000004 -106.76725481777225
0.41600000000000004 -105.02328526583412
0.417 -103.32411899326648
0.418 -101.64902496753497
0.419 -99.95826397109599
0.42 -98.21435375324447
0.421 -96.39839888415891
0.422 -94.48917809999575
0.423 -92.47411302855004
0.424 -90.35971011074463
0.425 -88.18268291258498
0.426 -85.95661388722252
0.427 -83.66802460466809
0.428 -81.3152437731969
0.429 -78.88508643933231
0.43 -76.32775368602412
0.431 -73.59529539336049
0.432 -70.69046937671774
0.433 -67.63777520407481
0.434 -64.47732990621863
0.435 -61.2406801765053
0.436 -57.9891521196637
0.437 -54.82844085680725
0.438 -51.82700428469312
0.439 -49.01495471170671
0.44 -46.405301925511324
0.441 -43.96302769497358
0.442 -41.634043835544254
0.443 -39.37481708551497
0.444 -37.1973548785514
0.445 -35.129252424470735
0.446 -33.19204228086256
0.447 -31.43189087686085
0.448 -29.872048681974256
0.449 -28.480778139627287
0.45 -27.174446070871845
0.451 -25.896383564481916
0.452 -24.596236910246162
0.453 -23.209755895517766
0.454 -21.689043525046394
0.455 -19.990973474434636
0.456 -18.121170709070185
0.457 -16.108421342316642
0.458 -13.972808390055334
0.459 -11.747901404617167
0.46 -9.482457065411667
0.461 -7.2188204535509595
0.462 -4.947573629872448
0.463 -2.649209911456147
0.464 -0.29636719785836363
0.465 2.136054226582474
0.466 4.6251198086839365
0.467 7.1081967577165495
0.468 9.512067983426084
0.46900000000000003 11.767368562654623
0.47000000000000003 13.815555987521297
0.47100000000000003 15.647067901318303
0.47200000000000003 17.28160880582379
0.47300000000000003 18.77917993487132
0.47400000000000003 20.190445212452357
0.47500000000000003 21.54170174309171
0.47600000000000003 22.884371166890904
0.47700000000000004 24.249119101515934
0.47800000000000004 25.6513938528852
0.47900000000000004 27.096781031365467
0.48 28.562091243265932
0.481 30.05668051257173
0.482 31.59994466244775
0.483 33.18453946330459
0.484 34.86057775537107
0.485 36.70772264182351
0.486 38.75051756817281
0.487 40.97048874542343
0.488 43.30849645137136
0.489 45.70139555776102
0.49 48.134866826653116
0.491 50.57074532761734
0.492 52.94712611856359
0.493 55.24433867281343
0.494 57.473245457089426
0.495 59.64831518379537
0.496 61.78645933517607
0.497 63.89347091241384
0.498 65.95908470094525
0.499 67.96458741482446
0.5 69.89882251719773
0.501 71.74374414950577
0.502 73.47085768238624
0.503 75.10540143035142
0.504 76.67444753865642
0.505 78.19756830356047
0.506 79.7040740731918
0.507 81.21119066663033
0.508 82.74758160892624
0.509 84.34234099699722
0.51 85.99427844238912
0.511 87.67991232980242
0.512 89.38227245361865
0.513 91.08307412616271
0.514 92.76421801527829
0.515 94.4348473566557
0.516 96.1212730807477
0.517 97.83070974478647
0.518 99.56936941528012
0.519 101.36234853819217
0.52 103.23290631596544
0.521 105.15381781454067
0.522 107.06446897962196
0.523 108.93945110796673
0.524 110.75390744639778
0.525 112.46437795613063
0.526 114.05655426423063
0.527 115.53519950840875
0.528 116.93186004328984
0.529 118.28320281893333
0.53 119.57832948360306
0.531 120.8072968636005
0.532 121.95941171179588
0.533 123.00753250616258
0.534 123.94729082468085
0.535 124.79423814098124
0.536 125.59678163363097
0.537 126.38306581594838
0.538 127.18873244796738
0.539 128.05766851361045
0.54 129.0143250752776
0.541 130.0943856167772
0.542 131.3171347411735
0.543 132.67958513963052
0.544 134.15344659378366
0.545 135.71188686655717
0.546 137.3479948886574
0.547 139.07850090412776
0.548 140.9225514723044
0.549 142.8754384639076
0.55 144.901221684982
0.551 146.98697857528384
0.552 149.14403088787822
0.553 151.32361115153984
0.554 153.45940159537452
0.555 155.51371006261954
0.556 157.45588580899667
0.557 159.27072688474888
0.558 160.96335845818626
0.559 162.57244673605604
0.56 164.10484657649968
0.561 165.54414129359984
0.562 166.9211613422292
0.5630000000000001 168.25514887746797
0.5640000000000001 169.55190945066985
0.5650000000000001 170.82886939960295
0.5660000000000001 172.07620717130644
0.5670000000000001 173.30102773806686
0.5680000000000001 174.51993645049635
0.5690000000000001 175.73897322997078
0.5700000000000001 176.97445550848138
0.5710000000000001 178.25780139108718
0.5720000000000001 179.61652198504962
0.5730000000000001 -178.95502272947812
0.5740000000000001 -177.45175375887524
0.5750000000000001 -175.87777441149456
0.5760000000000001 -174.2536123994903
0.577 -172.59246835393034
0.578 -170.92634305273015
0.579 -169.2872960959084
0.58 -167.70531540758626
0.581 -166.20531340936674
0.582 -164.77319665005
0.583 -163.39981200367893
0.584 -162.07284476136238
0.585 -160.76439945221674
0.586 -159.45794383801126
0.587 -158.14850579788168
0.588 -156.82514269532598
0.589 -155.5026250978828
0.59 -154.20536388159005
0.591 -152.92981198065993
0.592 -151.68117688622058
0.593 -150.43101795405462
0.594 -149.14424468385468
0.595 -147.79727854954984
0.596 -146.3772709711675
0.597 -144.87631226931524
0.598 -143.29427661291913
0.599 -141.64717880281162
0.6 -139.9445688741433
0.601 -138.212150869418
0.602 -136.4823145093528
0.603 -134.77912496156677
0.604 -133.10531170375822
0.605 -131.4302773202105
0.606 -129.7191762254999
0.607 -127.9585704451985
0.608 -126.16532226002866
0.609 -124.3661896535995
0.61 -122.57558882526706
0.611 -120.82271712000963
0.612 -119.14843186722909
0.613 -117.5782780282783
0.614 -116.10801309148502
0.615 -114.72291724251042
0.616 -113.38540192807558
0.617 -112.02995655642447
0.618 -110.61126897384283
0.619 -109.12168669949786
0.62 -107.56833071271025
0.621 -105.97630679520346
0.622 -104.38696747730586
0.623 -102.80813199243501
0.624 -101.23321286030757
0.625 -99.6311659147076
0.626 -97.9638208148067
0.627 -96.20056264666944
0.628 -94.3054272353543
0.629 -92.25393574036741
0.63 -90.0314420478818
0.631 -87.65520208808792
0.632 -85.17145785606466
0.633 -82.6216036316898
0.634 -80.04098962385962
0.635 -77.4581272807707
0.636 -74.86102456213098
0.637 -72.25289310142023
0.638 -69.64484684551093
0.639 -67.00754175031545
0.64 -64.32036543024333
0.641 -61.58808459919736
0.642 -58.89020582284215
0.643 -56.335640950363036
0.644 -53.99083560350185
0.645 -51.904344406963034
0.646 -50.07515298399141
0.647 -48.448807747354316
0.648 -46.96575915023549
0.649 -45.560332588463645
0.65 -44.14102698638253
0.651 -42.66001611614819
0.652 -41.155420251163996
0.653 -39.69835009822859
0.654 -38.31936128279108
0.655 -37.04229335151549
0.656 -35.88965476601127
0.657 -34.81972117300728
0.658 -33.75913012862575
0.659 -32.63583991434477
0.66 -31.40591033773453
0.661 -30.03142937587657
0.662 -28.491523280262737
0.663 -26.836562010567647
0.664 -25.12349712547579
0.665 -23.418434216848855
0.666 -21.81046296356567
0.667 -20.341294859981794
0.668 -18.99914977254043
0.669 -17.773887933193194
0.67 -16.65292799106279
0.671 -15.600301150975032
0.672 -14.573924226586273
0.673 -13.535299118598227
0.674 -12.480008446453606
0.675 -11.442414738649548
0.676 -10.478703658830677
0.677 -9.633305619866414
0.678 -8.916367310946002
0.679 -8.323365746735934
0.68 -7.837176611769114
0.681 -7.397063740585674
0.682 -6.935277568457515
0.683 -6.41604493192859
0.684 -5.805987898526788
0.685 -5.065650024960547
0.686 -4.2112135591996385
0.687 -3.3176510430709696
0.6880000000000001 -2.4293291733134392
0.6890000000000001 -1.5634851394880047
0.6900000000000001 -0.7344490633086631
0.6910000000000001 0.057612207219526715
0.6920000000000001 0.8291055619844736
0.6930000000000001 1.631614321283484
0.6940000000000001 2.5059140842749317
0.6950000000000001 3.4607699239860286
0.6960000000000001 4.502414065686781
0.6970000000000001 5.628000082122427
0.6980000000000001 6.78352787713599
0.6990000000000001 7.911686099305065
0.7000000000000001 8.978898110676052
0.7010000000000001 9.958274236497733
0.7020000000000001 10.853329422090434
0.7030000000000001 11.717069742478708
0.704 12.625813634748509
0.705 13.617783850564967
0.706 14.73292270682444
0.707 15.94784311133717
0.708 17.193320689972484
0.709 18.397582376883953
0.71 19.522710862623324
0.711 20.57218341794089
0.712 21.538357822033856
0.713 22.46987174810477
0.714 23.41822204759992
0.715 24.4300987635691
0.716 25.588715167117286
0.717 26.96456559253647
0.718 28.53436439013704
0.719 30.21762037131415
0.72 31.962433646516487
0.721 33.72937295834428
0.722 35.47482184202628
0.723 37.16999896732455
0.724 38.847115947945376
0.725 40.59536868253557
0.726 42.500490797127405
0.727 44.60328172583449
0.728 46.900949513757695
0.729 49.34866525644879
0.73 51.863895566754415
0.731 54.384527883977775
0.732 56.85164181547139
0.733 59.221695336280256
0.734 61.45849644650788
0.735 63.57342609717523
0.736 65.63329818250116
0.737 67.6622940477077
0.738 69.6632391831302
0.739 71.61630145692111
0.74 73.47873817545984
0.741 75.22832375636212
0.742 76.83359383643263
0.743 78.3029016600314
0.744 79.70202736507318
0.745 81.03039514965806
0.746 82.29591665278998
0.747 83.53663436822616
0.748 84.76641267316425
0.749 86.00356571836691
0.75 87.24898043327363
0.751 88.46433469751108
0.752 89.6071916765573
0.753 90.69081846929213
0.754 91.73431825580252
0.755 92.7616070813871
0.756 93.81828326666512
0.757 94.91299663148358
0.758 96.03827468600744
0.759 97.1912954245034
0.76 98.37570281041717
0.761 99.55828813967283
0.762 100.69625131691404
0.763 101.78489990981105
0.764 102.8016624957503
0.765 103.74288054827475
0.766 104.63251154855932
0.767 105.46372635252688
0.768 106.21596112777183
0.769 106.88788649377115
0.77 107.47636952260545
0.771 107.94857635981826
0.772 108.27637148717436
0.773 108.44432847157663
0.774 108.43271469486912
0.775 108.25890293619678
0.776 107.95028410415685
0.777 107.53411487009296
0.778 107.0685712588519
0.779 106.57033847946992
0.78 106.05800709181221
0.781 105.56241558567102
0.782 105.08267147806164
0.783 104.59932563141757
0.784 104.12860765226681
0.785 103.7224195914064
0.786 103.3929574466942
0.787 103.14836015371769
0.788 103.02056742664332
0.789 103.05574710974797
0.79 103.27100051844903
0.791 103.66003151069478
0.792 104.2190268212591
0.793 104.92145828336818
0.794 105.69118853457894
0.795 106.44975435538282
0.796 107.17041439192498
0.797 107.84402113886364
0.798 108.44449947156573
0.799 109.00463210268137
0.8 109.56931252242255
0.801 110.13750310560093
0.802 110.70152228075288
0.803 111.236887493138
0.804 111.7365289222219
0.805 112.18612294721726
0.806 112.54000467252428
0.807 112.76323382242373
0.808 112.86266979774328
0.809 112.8849042824402
0.81 112.90486942581872
0.811 112.98900150688547
0.812 113.14019263717918
0.8130000000000001 113.36503318013261
0.8140000000000001 113.65413247968048
0.8150000000000001 113.98073409449799
0.8160000000000001 114.33196822994553
0.8170000000000001 114.65506662556612
0.8180000000000001 114.92493735686503
0.8190000000000001 115.16717644634038
0.8200000000000001 115.41021517325619
0.8210000000000001 115.69388604215729
0.8220000000000001 116.05565453652008
0.8230000000000001 116.4970345003538
0.8240000000000001 117.0065698036365
0.8250000000000001 117.57101168324061
0.8260000000000001 118.1336963122572
0.8270000000000001 118.62820763452368
0.8280000000000001 119.01897795237355
0.8290000000000001 119.29220650496795
0.8300000000000001 119.4712955661438
0.8310000000000001 119.60640223831403
0.8320000000000001 119.73709565933423
0.833 119.88824864447464
0.834 120.08808550257324
0.835 120.36795256455147
0.836 120.73905198576169
0.837 121.19000883364143
0.838 121.6817886828859
0.839 122.16999217460877
0.84 122.64577943546263
0.841 123.10880282939134
0.842 123.56026559238981
0.843 124.03750305312859
0.844 124.57236306169968
0.845 125.18828439061397
0.846 125.89171290403443
0.847 126.67295460825125
0.848 127.46576600915039
0.849 128.18487704053578
0.85 128.77981524279093
0.851 129.20064740272562
0.852 129.4368019157678
0.853 129.50472461253247
0.854 129.46735346902287
0.855 129.39756072394172
0.856 129.34942937584358
0.857 129.36031184931082
0.858 129.45063779241514
0.859 129.58650011494922
0.86 129.70562435573362
0.861 129.75062244049752
0.862 129.69070639359433
0.863 129.54209050041692
0.864 129.34144079454342
0.865 129.15756336486595
0.866 129.06505876799582
0.867 129.11009334330242
0.868 129.30919076806634
0.869 129.64813810447106
0.87 130.09450708396884
0.871 130.57877638663703
0.872 131.010001715724
0.873 131.31539986829736
0.874 131.45048734608181
0.875 131.4288183466527
0.876 131.31036248546775
0.877 131.1645061485575
0.878 131.04359282076933
0.879 130.97879470605005
0.88 131.00515917407
0.881 131.1356802232715
0.882 131.31708068305267
0.883 131.47240530516058
0.884 131.54099402790106
0.885 131.49529671987267
0.886 131.36606268890156
0.887 131.22762069110829
0.888 131.16328166583494
0.889 131.23325929092113
0.89 131.46038552246782
0.891 131.84411780485704
0.892 132.37180981917263
0.893 132.99646694387297
0.894 133.63882698150107
0.895 134.2518613631136
0.896 134.82972742815704
0.897 135.3921676366465
0.898 135.95488892095904
0.899 136.52309250123864
0.9 137.13406068791153
0.901 137.79619505176498
0.902 138.48605656908504
0.903 139.18535527159264
0.904 139.8600333177577
0.905 140.47181379171647
0.906 141.00255563722408
0.907 141.4478637012661
0.908 141.80494776215681
0.909 142.10567619976456
0.91 142.39403647322285
0.911 142.69824722245448
0.912 143.0373179885077
0.913 143.4334050267738
0.914 143.89241109837482
0.915 144.40983249909135
0.916 144.96004691993082
0.917 145.50985747389035
0.918 146.0463891757021
0.919 146.57033305191243
0.92 147.08753986855052
0.921 147.61434608511868
0.922 148.17359324517568
0.923 148.7381962656708
0.924 149.28304798551673
0.925 149.79554357390415
0.926 150.24780949616218
0.927 150.61233977104993
0.928 150.8735534715924
0.929 151.0413570348333
0.93 151.13534487924008
0.931 151.16931577645263
0.932 151.1668600945301
0.933 151.15756941089612
0.934 151.1567230698909
0.935 151.18045173250826
0.936 151.24310705823237
0.937 151.3562341228809
0.9380000000000001 151.53872264257575
0.9390000000000001 151.7857854691841
0.9400000000000001 152.08677397242565
0.9410000000000001 152.43048494606
0.9420000000000001 152.8322788666314
0.9430000000000001 153.3318175166046
0.9440000000000001 153.93269397304084
0.9450000000000001 154.6310660565363
0.9460000000000001 155.38662406052387
0.9470000000000001 156.15797162327843
0.9480000000000001 156.931796949103
0.9490000000000001 157.66204415613845
0.9500000000000001 158.3238044669934
0.9510000000000001 158.91811007904258
0.9520000000000001 159.41497332203875
0.9530000000000001 159.80922816298104
0.9540000000000001 160.1146092460364
0.9550000000000001 160.32374002692885
0.9560000000000001 160.45435711025394
0.9570000000000001 160.5322994857362
0.9580000000000001 160.585264757795
0.9590000000000001 160.64071675320872
0.96 160.70469173508516
0.961 160.76762099333422
0.962 160.81202275444224
0.963 160.8447301356809
0.964 160.88509632884183
0.965 160.91362725076672
0.966 160.92878200326322
0.967 160.97701232751172
0.968 161.08760322055878
0.969 161.2704714224191
0.97 161.54773306700605
0.971 161.95622754931998
0.972 162.46590974059416
0.973 163.0373928290522
0.974 163.65869793780354
0.975 164.31402665104756
0.976 164.99986307889986
0.977 165.7063449981656
0.978 166.39655891897476
0.979 167.05334921199625
0.98 167.6868598116029
0.981 168.3039056410607
0.982 168.9100644560588
0.983 169.50874301529703
0.984 170.09334935787342
0.985 170.6339698165268
0.986 171.12223487777953
0.987 171.56376464740296
0.988 171.96310341106076
0.989 172.3390132129251
0.99 172.70177063083452
0.991 173.0514714723396
0.992 173.40491425113706
0.993 173.7841705573458
0.994 174.19439208821748
0.995 174.61714536850133
0.996 175.04097516701927
0.997 175.47715950296327
0.998 175.93176804204552
0.999 176.39278420627917
