-1.800000000000000000e+02
-1.771200000000000045e+02
-1.742400000000000091e+02
-1.713600000000000136e+02
-1.684799999999999898e+02
-1.655999999999999943e+02
-1.627199999999999989e+02
-1.598400000000000034e+02
-1.569600000000000080e+02
-1.540800000000000125e+02
-1.512000000000000171e+02
-1.483199999999999932e+02
-1.454399999999999977e+02
-1.425599999999999739e+02
-1.396799999999999784e+02
-1.367999999999999829e+02
-1.339199999999999875e+02
-1.310399999999999920e+02
-1.281599999999999966e+02
-1.252799999999999869e+02
-1.223999999999999915e+02
-1.195199999999999960e+02
-1.166400000000000006e+02
-1.137599999999999909e+02
-1.108799999999999955e+02
-1.080000000000000000e+02
-1.051200000000000045e+02
-1.022399999999999949e+02
-9.935999999999998522e+01
-9.647999999999998977e+01
-9.359999999999999432e+01
-9.071999999999999886e+01
-8.783999999999998920e+01
-8.495999999999999375e+01
-8.207999999999999829e+01
-7.920000000000000284e+01
-7.631999999999999318e+01
-7.343999999999999773e+01
-7.055999999999998806e+01
-6.767999999999999261e+01
-6.479999999999998295e+01
-6.191999999999998749e+01
-5.903999999999999204e+01
-5.615999999999998948e+01
-5.327999999999999403e+01
-5.039999999999999147e+01
-4.751999999999999602e+01
-4.463999999999999346e+01
-4.175999999999999801e+01
-3.887999999999999545e+01
-3.600000000000000000e+01
-3.311999999999999744e+01
-3.024000000000000199e+01
-2.736000000000000298e+01
-2.447999999999997911e+01
-2.159999999999998010e+01
-1.871999999999998110e+01
-1.583999999999998209e+01
-1.295999999999998309e+01
-1.007999999999998408e+01
-7.199999999999985079e+00
-4.319999999999986073e+00
-1.439999999999986846e+00
1.440000000000012159e+00
4.320000000000010942e+00
7.200000000000009948e+00
1.008000000000000895e+01
1.296000000000000796e+01
1.584000000000000696e+01
1.872000000000000597e+01
2.160000000000000497e+01
2.448000000000000398e+01
2.736000000000000298e+01
3.024000000000000199e+01
3.311999999999999744e+01
3.600000000000002842e+01
3.888000000000002387e+01
4.176000000000002643e+01
4.464000000000002188e+01
4.752000000000002444e+01
5.040000000000001990e+01
5.327999999999999403e+01
5.616000000000001791e+01
5.903999999999999204e+01
6.192000000000001592e+01
6.479999999999998295e+01
6.768000000000002103e+01
7.056000000000004491e+01
7.344000000000001194e+01
7.632000000000003581e+01
7.920000000000000284e+01
8.208000000000004093e+01
8.496000000000000796e+01
8.784000000000003183e+01
9.071999999999999886e+01
9.360000000000003695e+01
9.648000000000000398e+01
9.936000000000002785e+01
1.022399999999999949e+02
1.051200000000000330e+02
1.080000000000000000e+02
1.108800000000000239e+02
1.137599999999999909e+02
1.166400000000000290e+02
1.195199999999999960e+02
1.224000000000000199e+02
1.252799999999999869e+02
1.281600000000000250e+02
1.310400000000000489e+02
1.339200000000000159e+02
1.368000000000000398e+02
1.396800000000000068e+02
1.425600000000000307e+02
1.454399999999999977e+02
1.483200000000000500e+02
1.512000000000000171e+02
1.540800000000000409e+02
1.569600000000000080e+02
1.598400000000000318e+02
1.627199999999999989e+02
1.656000000000000227e+02
1.684799999999999898e+02
1.713600000000000136e+02
1.742400000000000091e+02
1.771200000000000330e+02
1.800000000000000000e+02
