-180.0 -13.866068320772312
-170.0 -13.865852695323676
-160.0 -13.86525876301792
-150.0 -13.864438511505542
-140.0 -13.863611992359766
-130.0 -13.863013602126422
-120.0 -13.862823272180071
-110.0 -13.863103519516836
-100.0 -13.863765524285016
-90.0 -13.864576293478414
-80.0 -13.86522443465803
-70.0 -13.86548218286077
-60.0 -13.865306748834517
-50.0 -13.864722789660398
-40.0 -13.863786738111001
-30.0 -13.862648709957035
-20.0 -13.861543350966292
-10.0 -13.86073143120648
0.0 -13.860430674388677
10.0 -13.860730465706363
20.0 -13.861541696693076
30.0 -13.862646785383953
40.0 -13.863784969189465
50.0 -13.864721510540901
60.0 -13.865306118116099
70.0 -13.865482243699809
80.0 -13.865225200853944
90.0 -13.864577546975465
100.0 -13.863766775970824
110.0 -13.863104312154858
120.0 -13.862823347547197
130.0 -13.863012942917084
140.0 -13.863610804513408
150.0 -13.864437138784716
160.0 -13.865257583230163
170.0 -13.865852019698
180.0 -13.866068331185268
