-7.954289461161731367e+01
-7.817316641998878879e+01
-7.617606120874829401e+01
-7.381394326456577915e+01
-7.141624643466336408e+01
-6.931453481199558553e+01
-6.778163202259287345e+01
-6.698802658798108212e+01
-6.698262989349368013e+01
-6.769800439303499218e+01
-6.897470539309053095e+01
-7.059662515383537595e+01
-7.232914539757561556e+01
-7.395357551537328789e+01
-7.529366383925935224e+01
-7.623213253329929273e+01
-7.671690435722781842e+01
-7.675798974381103790e+01
-7.641697483348788467e+01
-7.579169027606687337e+01
-7.499886526070288539e+01
-7.415734689851710471e+01
-7.337388693864978961e+01
-7.273276803833427095e+01
-7.228985389334297906e+01
-7.207108677530240470e+01
-7.207499075354263596e+01
-7.227830617433312455e+01
-7.264349458790371727e+01
-7.312663481891384265e+01
-7.368433463139535888e+01
-7.427875983115571046e+01
-7.488059162567746796e+01
-7.547036046387174224e+01
-7.603886634464848271e+01
-7.658714844452093473e+01
-7.712587625421055293e+01
-7.767346709794252035e+01
-7.825209515753179801e+01
-7.888124500854706866e+01
-7.956945818125271330e+01
-8.030602519645233883e+01
-8.105509229816244954e+01
-8.175461565788802432e+01
-8.232172641570660687e+01
-8.266459619941734616e+01
-8.269924653766999256e+01
-8.236838300343902119e+01
-8.165857705529265331e+01
-8.061207014574985408e+01
-7.933005600600519358e+01
-7.796535842857637988e+01
-7.670386788920492904e+01
-7.573593138646486977e+01
-7.522110546144166676e+01
-7.525207583905562103e+01
-7.582552909460291346e+01
-7.682839013751244295e+01
-7.804615956490805218e+01
-7.919569922867867717e+01
-7.997839161186429635e+01
-8.014296604390433743e+01
-7.954289461161731367e+01
