-1.800000000000000000e+02
-1.741935483870967687e+02
-1.683870967741935374e+02
-1.625806451612903345e+02
-1.567741935483871032e+02
-1.509677419354838719e+02
-1.451612903225806406e+02
-1.393548387096774377e+02
-1.335483870967742064e+02
-1.277419354838709751e+02
-1.219354838709677438e+02
-1.161290322580644983e+02
-1.103225806451612812e+02
-1.045161290322580641e+02
-9.870967741935483275e+01
-9.290322580645161565e+01
-8.709677419354838435e+01
-8.129032258064516725e+01
-7.548387096774193594e+01
-6.967741935483871885e+01
-6.387096774193547333e+01
-5.806451612903224913e+01
-5.225806451612902492e+01
-4.645161290322580072e+01
-4.064516129032257652e+01
-3.483870967741935232e+01
-2.903225806451612456e+01
-2.322580645161290036e+01
-1.741935483870967616e+01
-1.161290322580645018e+01
-5.806451612903225090e+00
0.000000000000000000e+00
5.806451612903225090e+00
1.161290322580645018e+01
1.741935483870967616e+01
2.322580645161290036e+01
2.903225806451612456e+01
3.483870967741935232e+01
4.064516129032257652e+01
4.645161290322580072e+01
5.225806451612905335e+01
5.806451612903224913e+01
6.387096774193550175e+01
6.967741935483870463e+01
7.548387096774195015e+01
8.129032258064515304e+01
8.709677419354839856e+01
9.290322580645160144e+01
9.870967741935484696e+01
1.045161290322580498e+02
1.103225806451612954e+02
1.161290322580644983e+02
1.219354838709677438e+02
1.277419354838709467e+02
1.335483870967742064e+02
1.393548387096774093e+02
1.451612903225806406e+02
1.509677419354838435e+02
1.567741935483871032e+02
1.625806451612903061e+02
1.683870967741935374e+02
1.741935483870967403e+02
1.800000000000000000e+02
