1.022652015871861497e+00
1.164877825895892505e+00
1.427436061651739196e+00
1.763317135366631039e+00
2.116396735103159177e+00
2.432135586378438408e+00
2.666624291658382440e+00
2.791984743623467935e+00
2.797528478727217660e+00
2.687439857024045420e+00
2.476596944209485951e+00
2.186247808469526266e+00
1.840736454988196602e+00
1.465657456772091249e+00
1.087091276193580924e+00
7.311939615052465147e-01
4.234500649812011353e-01
1.872362840545776230e-01
4.178607331863021940e-02
0.000000000000000000e+00
6.669558587282230222e-02
2.378126343159515654e-01
5.008439083350666454e-01
8.364466924918542157e-01
1.220910788222456356e+00
1.628987537548092668e+00
2.036553468705835979e+00
2.422677816934825312e+00
2.770840416094067393e+00
3.069249010586170723e+00
3.310385824649150432e+00
3.490046066702448435e+00
3.606208793807447410e+00
3.658102800523960418e+00
3.645789837122832111e+00
3.570471736221668468e+00
3.435527727591237035e+00
3.248027281703971703e+00
3.020207560062063035e+00
2.770254050361875553e+00
2.521774913938475304e+00
2.301654269641656203e+00
2.136451094032068010e+00
2.048026819401613352e+00
2.049437979826379319e+00
2.142159773801910028e+00
2.315368743574577781e+00
2.547416491011133211e+00
2.808998419155999571e+00
3.067113609531705531e+00
3.288886136683853323e+00
3.444665621555020874e+00
3.510359006541066584e+00
3.469380812080705923e+00
3.314695366706247093e+00
3.051078452906902161e+00
2.697095824800808561e+00
2.285717186544312440e+00
1.862331500494927461e+00
1.479425351387329002e+00
1.188256314732160535e+00
1.029112939329963838e+00
1.022652015871861497e+00
