-1.800000000000000000e+02
-1.712195121951219505e+02
-1.624390243902439011e+02
-1.536585365853658516e+02
-1.448780487804878021e+02
-1.360975609756097526e+02
-1.273170731707316889e+02
-1.185365853658536395e+02
-1.097560975609756042e+02
-1.009756097560975547e+02
-9.219512195121950526e+01
-8.341463414634144158e+01
-7.463414634146340632e+01
-6.585365853658535684e+01
-5.707317073170729316e+01
-4.829268292682925079e+01
-3.951219512195120842e+01
-3.073170731707316250e+01
-2.195121951219512013e+01
-1.317073170731705289e+01
-4.390243902439008750e+00
4.390243902439034507e+00
1.317073170731710263e+01
2.195121951219514500e+01
3.073170731707319092e+01
3.951219512195122974e+01
4.829268292682927211e+01
5.707317073170734290e+01
6.585365853658541369e+01
7.463414634146343474e+01
8.341463414634149842e+01
9.219512195121951947e+01
1.009756097560975832e+02
1.097560975609756611e+02
1.185365853658536679e+02
1.273170731707317458e+02
1.360975609756097526e+02
1.448780487804878305e+02
1.536585365853659084e+02
1.624390243902439011e+02
1.712195121951219789e+02
1.800000000000000568e+02
