-8.691530686943889350e+01
-8.688467506441847377e+01
-8.618821611742090738e+01
-8.506450919908500907e+01
-8.384480199052400451e+01
-8.286861014849701235e+01
-8.239990304640019758e+01
-8.256711289991123692e+01
-8.334004012835761444e+01
-8.454541989179453765e+01
-8.591214245755213597e+01
-8.713503772460079233e+01
-8.793697341917011556e+01
-8.811981155502805052e+01
-8.759629577189298288e+01
-8.639869560427901263e+01
-8.466675998229901268e+01
-8.262025866655778827e+01
-8.052100460202990462e+01
-7.863076933178848549e+01
-7.717105243935715464e+01
-7.629389970365669171e+01
-7.605774330903231828e+01
-7.641191290762128574e+01
-7.722070280545987941e+01
-7.828020114385185479e+01
-7.935409218836545620e+01
-8.021664580353099439e+01
-8.069613094442846091e+01
-8.070982420655506928e+01
-8.028621841045404040e+01
-7.956485976033918917e+01
-7.877220345670694712e+01
-7.817613675532179229e+01
-7.802351767191582610e+01
-7.847745104355577439e+01
-7.956834140710277836e+01
-8.117361427609908731e+01
-8.303624783632884032e+01
-8.482166461866738416e+01
-8.619652598169331270e+01
-8.691530686943889350e+01
