H:def2-TZVP
def2-TZVP

  2
    0    1
    3    1
    5    1

34.0613410 5.1235746 1.1646626 0.32723041 0.10307241 

0.60251978D-02 0.00000000 0.00000000 
0.45021094D-01 0.00000000 0.00000000 
0.20189726 0.00000000 0.00000000 
0.00000000 1.0000000 0.00000000 
0.00000000 0.00000000 1.0000000 

0.8000000 

1.0000000 

HE:def2-TZVP
def2-TZVP

  2
    0    1
    3    1
    5    1

98.078321616 14.764404247 3.3185831473 0.87413869551 0.24459897208 

0.75803064967D-02 0.00000000 0.00000000 
0.54848620937D-01 0.00000000 0.00000000 
0.22074382186 0.00000000 0.00000000 
0.00000000 1.0000000 0.00000000 
0.00000000 0.00000000 1.0000000 

1.0000000 

1.0000000 

LI:def2-TZVP
def2-TZVP

  2
    0    1
    5    3
   11    3

6269.2628010 940.31612431 214.22107528 60.759840184 19.915152032 
7.3171509797 2.9724674216 1.2639852314 0.51427489953 0.77030885901D-01 
0.28938896433D-01 

0.20540968826D-03 0.00000000 0.00000000 0.00000000 0.00000000 
0.15916554089D-02 0.00000000 0.00000000 0.00000000 0.00000000 
0.82869829707D-02 0.00000000 0.00000000 0.00000000 0.00000000 
0.33856374249D-01 0.00000000 0.00000000 0.00000000 0.00000000 
0.11103225876 0.00000000 0.00000000 0.00000000 0.00000000 
0.27449383329 0.00000000 0.00000000 0.00000000 0.00000000 
0.00000000 0.23792456411 0.00000000 0.00000000 0.00000000 
0.00000000 0.30765411924 0.00000000 0.00000000 0.00000000 
0.00000000 0.00000000 1.0000000 0.00000000 0.00000000 
0.00000000 0.00000000 0.00000000 1.0000000 0.00000000 
0.00000000 0.00000000 0.00000000 0.00000000 1.0000000 

3.3270000 0.4000000 0.0600000 

1.0000000 0.00000000 0.00000000 
0.00000000 1.0000000 0.00000000 
0.00000000 0.00000000 1.0000000 

BE:def2-TZVP
def2-TZVP

  3
    0    1    2
    5    3    1
   11    4    1

4700.2365626 704.82845622 160.43110478 45.425347336 14.798334125 
5.3512452537 2.1542044819 0.93363744400 0.18791432989 0.74648267947D-01 
0.32650484598D-01 

0.23584389316D-03 0.00000000 0.00000000 0.00000000 0.00000000 
0.18243791019D-02 0.00000000 0.00000000 0.00000000 0.00000000 
0.93966148224D-02 0.00000000 0.00000000 0.00000000 0.00000000 
0.36908924159D-01 0.00000000 0.00000000 0.00000000 0.00000000 
0.10897561281 0.00000000 0.00000000 0.00000000 0.00000000 
0.21694284551 0.00000000 0.00000000 0.00000000 0.00000000 
0.00000000 0.44695408857 0.00000000 0.00000000 0.00000000 
0.00000000 0.20866985771 0.00000000 0.00000000 0.00000000 
0.00000000 0.00000000 1.0000000 0.00000000 0.00000000 
0.00000000 0.00000000 0.00000000 1.0000000 0.00000000 
0.00000000 0.00000000 0.00000000 0.00000000 1.0000000 

3.6316917145 0.71695694366 0.19541932860 0.60515465890D-01 

-.29033998305D-01 0.00000000 0.00000000 
0.00000000 -0.16877854032 0.00000000 
0.00000000 -0.51403419628 0.00000000 
0.00000000 0.00000000 1.0000000 

0.1800000 

1.0000000 

B:def2-TZVP
def2-TZVP

  4
    0    1    2    3
    5    3    2    1
   11    6    2    1

8564.8660687 1284.1516263 292.27871604 82.775469176 27.017939269 
9.8149619660 3.9318559059 1.6595599712 0.35762965239 0.14246277496 
0.60560594768D-01 

0.22837198155D-03 0.00000000 0.00000000 0.00000000 0.00000000 
0.17682576447D-02 0.00000000 0.00000000 0.00000000 0.00000000 
0.91407080516D-02 0.00000000 0.00000000 0.00000000 0.00000000 
0.36342638989D-01 0.00000000 0.00000000 0.00000000 0.00000000 
0.11063458441 0.00000000 0.00000000 0.00000000 0.00000000 
0.23367344321 0.00000000 0.00000000 0.00000000 0.00000000 
0.00000000 0.41818777978 0.00000000 0.00000000 0.00000000 
0.00000000 0.22325473798 0.00000000 0.00000000 0.00000000 
0.00000000 0.00000000 1.0000000 0.00000000 0.00000000 
0.00000000 0.00000000 0.00000000 1.0000000 0.00000000 
0.00000000 0.00000000 0.00000000 0.00000000 1.0000000 

22.453875803 5.1045058330 1.4986081344 0.50927831315 0.18147077798 
0.64621893904D-01 

0.50265575179D-02 0.00000000 0.00000000 
0.32801738965D-01 0.00000000 0.00000000 
0.13151230768 0.00000000 0.00000000 
0.33197167769 0.00000000 0.00000000 
0.00000000 .47314319570 0.00000000 
0.00000000 0.00000000 .25802783943 

0.66100000 0.19900000 

1.0000000 0.00000000 
0.00000000 1.0000000 

0.49000000 

1.0000000 

C:def2-TZVP
def2-TZVP

  4
    0    1    2    3
    5    3    2    1
   11    6    2    1

13575.3496820 2035.2333680 463.22562359 131.20019598 42.853015891 
15.584185766 6.2067138508 2.5764896527 0.57696339419 0.22972831358 
0.95164440028D-01 

0.22245814352D-03 0.00000000 0.00000000 0.00000000 0.00000000 
0.17232738252D-02 0.00000000 0.00000000 0.00000000 0.00000000 
0.89255715314D-02 0.00000000 0.00000000 0.00000000 0.00000000 
0.35727984502D-01 0.00000000 0.00000000 0.00000000 0.00000000 
0.11076259931 0.00000000 0.00000000 0.00000000 0.00000000 
0.24295627626 0.00000000 0.00000000 0.00000000 0.00000000 
0.00000000 0.41440263448 0.00000000 0.00000000 0.00000000 
0.00000000 0.23744968655 0.00000000 0.00000000 0.00000000 
0.00000000 0.00000000 1.0000000 0.00000000 0.00000000 
0.00000000 0.00000000 0.00000000 1.0000000 0.00000000 
0.00000000 0.00000000 0.00000000 0.00000000 1.0000000 

34.697232244 7.9582622826 2.3780826883 0.81433208183 0.28887547253 
0.10056823671 

0.53333657805D-02 0.00000000 0.00000000 
0.35864109092D-01 0.00000000 0.00000000 
0.14215873329 0.00000000 0.00000000 
0.34270471845 0.00000000 0.00000000 
0.00000000 .46445822433 0.00000000 
0.00000000 0.00000000 .24955789874 

1.09700000 0.31800000 

1.0000000 0.00000000 
0.00000000 1.0000000 

0.76100000 

1.0000000 

N:def2-TZVP
def2-TZVP

  4
    0    1    2    3
    5    3    2    1
   11    6    2    1

19730.8006470 2957.8958745 673.22133595 190.68249494 62.295441898 
22.654161182 8.9791477428 3.6863002370 0.84660076805 0.33647133771 
0.13647653675 

0.21887984991D-03 0.00000000 0.00000000 0.00000000 0.00000000 
0.16960708803D-02 0.00000000 0.00000000 0.00000000 0.00000000 
0.87954603538D-02 0.00000000 0.00000000 0.00000000 0.00000000 
0.35359382605D-01 0.00000000 0.00000000 0.00000000 0.00000000 
0.11095789217 0.00000000 0.00000000 0.00000000 0.00000000 
0.24982972552 0.00000000 0.00000000 0.00000000 0.00000000 
0.00000000 0.40623896148 0.00000000 0.00000000 0.00000000 
0.00000000 0.24338217176 0.00000000 0.00000000 0.00000000 
0.00000000 0.00000000 1.0000000 0.00000000 0.00000000 
0.00000000 0.00000000 0.00000000 1.0000000 0.00000000 
0.00000000 0.00000000 0.00000000 0.00000000 1.0000000 

49.200380510 11.346790537 3.4273972411 1.1785525134 0.41642204972 
0.14260826011 

0.55552416751D-02 0.00000000 0.00000000 
0.38052379723D-01 0.00000000 0.00000000 
0.14953671029 0.00000000 0.00000000 
0.34949305230 0.00000000 0.00000000 
0.00000000 .45843153697 0.00000000 
0.00000000 0.00000000 .24428771672 

1.65400000 0.46900000 

1.0000000 0.00000000 
0.00000000 1.0000000 

1.09300000 

1.0000000 

O:def2-TZVP
def2-TZVP

  4
    0    1    2    3
    5    3    2    1
   11    6    2    1

27032.3826310 4052.3871392 922.32722710 261.24070989 85.354641351 
31.035035245 12.260860728 4.9987076005 1.1703108158 0.46474740994 
0.18504536357 

0.21726302465D-03 0.00000000 0.00000000 0.00000000 0.00000000 
0.16838662199D-02 0.00000000 0.00000000 0.00000000 0.00000000 
0.87395616265D-02 0.00000000 0.00000000 0.00000000 0.00000000 
0.35239968808D-01 0.00000000 0.00000000 0.00000000 0.00000000 
0.11153519115 0.00000000 0.00000000 0.00000000 0.00000000 
0.25588953961 0.00000000 0.00000000 0.00000000 0.00000000 
0.00000000 0.39768730901 0.00000000 0.00000000 0.00000000 
0.00000000 0.24627849430 0.00000000 0.00000000 0.00000000 
0.00000000 0.00000000 1.0000000 0.00000000 0.00000000 
0.00000000 0.00000000 0.00000000 1.0000000 0.00000000 
0.00000000 0.00000000 0.00000000 0.00000000 1.0000000 

63.274954801 14.627049379 4.4501223456 1.5275799647 0.52935117943 
0.17478421270 

0.60685103418D-02 0.00000000 0.00000000 
0.41912575824D-01 0.00000000 0.00000000 
0.16153841088 0.00000000 0.00000000 
0.35706951311 0.00000000 0.00000000 
0.00000000 .44794207502 0.00000000 
0.00000000 0.00000000 .24446069663 

2.31400000 0.64500000 

1.0000000 0.00000000 
0.00000000 1.0000000 

1.42800000 

1.0000000 

F:def2-TZVP
def2-TZVP

  4
    0    1    2    3
    5    3    2    1
   11    6    2    1

35479.1004410 5318.4728983 1210.4810975 342.85518140 112.01943181 
40.714740248 16.039678111 6.5038186740 1.5440477509 0.61223452862 
0.24027979698 

0.21545014888D-03 0.00000000 0.00000000 0.00000000 0.00000000 
0.16700686527D-02 0.00000000 0.00000000 0.00000000 0.00000000 
0.86733211476D-02 0.00000000 0.00000000 0.00000000 0.00000000 
0.35049933175D-01 0.00000000 0.00000000 0.00000000 0.00000000 
0.11165320133 0.00000000 0.00000000 0.00000000 0.00000000 
0.25988506647 0.00000000 0.00000000 0.00000000 0.00000000 
0.00000000 0.39422966880 0.00000000 0.00000000 0.00000000 
0.00000000 0.24998238551 0.00000000 0.00000000 0.00000000 
0.00000000 0.00000000 1.0000000 0.00000000 0.00000000 
0.00000000 0.00000000 0.00000000 1.0000000 0.00000000 
0.00000000 0.00000000 0.00000000 0.00000000 1.0000000 

80.233900483 18.594010743 5.6867902653 1.9511006294 0.66970211298 
0.21651300410 

0.63685999134D-02 0.00000000 0.00000000 
0.44303143530D-01 0.00000000 0.00000000 
0.16867248708 0.00000000 0.00000000 
0.36166346255 0.00000000 0.00000000 
0.00000000 .44202901491 0.00000000 
0.00000000 0.00000000 .24319875730 

3.10700000 0.85500000 

1.0000000 0.00000000 
0.00000000 1.0000000 

1.91700000 

1.0000000 

NE:def2-TZVP
def2-TZVP

  4
    0    1    2    3
    5    3    2    1
   11    6    2    1

45069.4640220 6755.9768656 1537.6502864 435.51697667 142.28655638 
51.692153804 20.315870490 8.2021942646 1.9681276278 0.77904756001 
0.30229502043 

0.21687155182D-03 0.00000000 0.00000000 0.00000000 0.00000000 
0.16812736757D-02 0.00000000 0.00000000 0.00000000 0.00000000 
0.87356062782D-02 0.00000000 0.00000000 0.00000000 0.00000000 
0.35361266922D-01 0.00000000 0.00000000 0.00000000 0.00000000 
0.11321521454 0.00000000 0.00000000 0.00000000 0.00000000 
0.26654653104 0.00000000 0.00000000 0.00000000 0.00000000 
0.00000000 0.39631959951 0.00000000 0.00000000 0.00000000 
0.00000000 0.25582811251 0.00000000 0.00000000 0.00000000 
0.00000000 0.00000000 1.0000000 0.00000000 0.00000000 
0.00000000 0.00000000 0.00000000 1.0000000 0.00000000 
0.00000000 0.00000000 0.00000000 0.00000000 1.0000000 

99.782996032 23.176124101 7.1163945872 2.4418711435 0.83389605766 
0.26607311301 

0.65569234163D-02 0.00000000 0.00000000 
0.45888009138D-01 0.00000000 0.00000000 
0.17331287812 0.00000000 0.00000000 
0.36475267512 0.00000000 0.00000000 
0.00000000 .43831075171 0.00000000 
0.00000000 0.00000000 .24160029835 

4.01400000 1.09600000 

1.0000000 0.00000000 
0.00000000 1.0000000 

2.54400000 

1.0000000 

NA:def2-TZVP
def2-TZVP

  3
    0    1    2
    5    4    3
   14    8    3

26041.1099270 3906.1268548 888.97454993 251.45497961 81.650143512 
53.769410179 28.904158401 16.308243025 10.625782932 2.3730384125 
0.95730772603 0.40806460959 0.49967582329D-01 0.19268616250D-01 

0.61806342811D-03 0.00000000 0.00000000 0.00000000 0.00000000 
0.47748604414D-02 0.00000000 0.00000000 0.00000000 0.00000000 
0.24471684829D-01 0.00000000 0.00000000 0.00000000 0.00000000 
0.94755394977D-01 0.00000000 0.00000000 0.00000000 0.00000000 
0.26867496920 0.00000000 0.00000000 0.00000000 0.00000000 
0.00000000 0.19527731872D-01 0.00000000 0.00000000 0.00000000 
0.47925475440 0.00000000 0.00000000 0.00000000 0.00000000 
0.00000000 0.92648010794D-01 0.00000000 0.00000000 0.00000000 
0.33248591469 0.00000000 0.00000000 0.00000000 0.00000000 
0.00000000 -0.39938670172 0.00000000 0.00000000 0.00000000 
0.00000000 0.00000000 1.6428595391 0.00000000 0.00000000 
0.00000000 0.00000000 0.55692596966 0.00000000 0.00000000 
0.00000000 0.00000000 0.00000000 1.0000000 0.00000000 
0.00000000 0.00000000 0.00000000 0.00000000 1.0000000 

138.07979989 32.232700393 9.9816075360 3.4822033928 1.2299134620 
0.41743959423 0.0910000 0.0300000 

0.57951891929D-02 0.00000000 0.00000000 0.00000000 
0.41620846251D-01 0.00000000 0.00000000 0.00000000 
0.16281916885 0.00000000 0.00000000 0.00000000 
0.36011784647 0.00000000 0.00000000 0.00000000 
0.44858979889 0.00000000 0.00000000 0.00000000 
0.00000000 .23040759559 0.00000000 0.00000000 
0.00000000 0.00000000 1.0000000 0.00000000 
0.00000000 0.00000000 0.00000000 1.0000000 

2.6090000 0.4300000 0.1000000 

1.0000000 0.00000000 0.00000000 
0.00000000 1.0000000 0.00000000 
0.00000000 0.00000000 1.0000000 

MG:def2-TZVP
def2-TZVP

  3
    0    1    2
    5    4    3
   14    8    3

31438.3495550 4715.5153354 1073.1629247 303.57238768 98.626251042 
64.876913004 34.943808417 19.725520777 12.859785199 2.8951804339 
1.1960454710 0.54329451156 0.10099104092 0.36865728085D-01 

0.60912311326D-03 0.00000000 0.00000000 0.00000000 0.00000000 
0.47066196465D-02 0.00000000 0.00000000 0.00000000 0.00000000 
0.24135820657D-01 0.00000000 0.00000000 0.00000000 0.00000000 
0.93628959834D-01 0.00000000 0.00000000 0.00000000 0.00000000 
0.26646742093 0.00000000 0.00000000 0.00000000 0.00000000 
0.00000000 0.19180889307D-01 0.00000000 0.00000000 0.00000000 
0.47890929917 0.00000000 0.00000000 0.00000000 0.00000000 
0.00000000 0.90913704392D-01 0.00000000 0.00000000 0.00000000 
0.33698490286 0.00000000 0.00000000 0.00000000 0.00000000 
0.00000000 -0.39563756125 0.00000000 0.00000000 0.00000000 
0.00000000 0.00000000 1.6827603373 0.00000000 0.00000000 
0.00000000 0.00000000 0.52141091954 0.00000000 0.00000000 
0.00000000 0.00000000 0.00000000 1.0000000 0.00000000 
0.00000000 0.00000000 0.00000000 0.00000000 1.0000000 

179.87189612 42.120069376 13.120503032 4.6257503609 1.6695211016 
0.58551012105 0.18914796195 0.53768755187D-01 

0.53799549018D-02 0.00000000 0.00000000 0.00000000 
0.39318014098D-01 0.00000000 0.00000000 0.00000000 
0.15740129476 0.00000000 0.00000000 0.00000000 
0.35919094128 0.00000000 0.00000000 0.00000000 
0.45533379310 0.00000000 0.00000000 0.00000000 
0.00000000 .21986432910 0.00000000 0.00000000 
0.00000000 0.00000000 1.0000000 0.00000000 
0.00000000 0.00000000 0.00000000 1.0000000 

3.4440000 0.2900000 0.0700000 

1.0000000 0.00000000 0.00000000 
0.00000000 1.0000000 0.00000000 
0.00000000 0.00000000 1.0000000 

AL:def2-TZVP
def2-TZVP

  4
    0    1    2    3
    5    5    2    1
   14    9    3    1

37792.5507720 5668.0682165 1289.8582841 364.86596028 118.57631515 
75.208026598 42.024867605 23.031408972 15.499501629 3.6348797649 
1.6065049957 0.76103394581 0.16556708849 0.60041577113D-01 

0.57047888709D-03 0.00000000 0.00000000 0.00000000 0.00000000 
0.44093016538D-02 0.00000000 0.00000000 0.00000000 0.00000000 
0.22630967411D-01 0.00000000 0.00000000 0.00000000 0.00000000 
0.88025644295D-01 0.00000000 0.00000000 0.00000000 0.00000000 
0.25223701612 0.00000000 0.00000000 0.00000000 0.00000000 
0.00000000 0.19250560190D-01 0.00000000 0.00000000 0.00000000 
0.45960547169 0.00000000 0.00000000 0.00000000 0.00000000 
0.00000000 0.87906743952D-01 0.00000000 0.00000000 0.00000000 
0.33277886014 0.00000000 0.00000000 0.00000000 0.00000000 
0.00000000 -0.34246704535 0.00000000 0.00000000 0.00000000 
0.00000000 0.00000000 1.5106266058 0.00000000 0.00000000 
0.00000000 0.00000000 0.58071016470 0.00000000 0.00000000 
0.00000000 0.00000000 0.00000000 1.0000000 0.00000000 
0.00000000 0.00000000 0.00000000 0.00000000 1.0000000 

452.52303192 107.08195049 34.131021255 12.587037428 4.9811919704 
2.0070350900 0.80083714374 0.20178927472 0.57895550392D-01 

0.23110812466D-02 0.00000000 0.00000000 0.00000000 0.00000000 
0.18568641823D-01 0.00000000 0.00000000 0.00000000 0.00000000 
0.87216237035D-01 0.00000000 0.00000000 0.00000000 0.00000000 
0.26902101523 0.00000000 0.00000000 0.00000000 0.00000000 
0.52128324272 0.00000000 0.00000000 0.00000000 0.00000000 
0.00000000 .60271687494 0.00000000 0.00000000 0.00000000 
0.00000000 0.00000000 1.0000000 0.00000000 0.00000000 
0.00000000 0.00000000 0.00000000 1.0000000 0.00000000 
0.00000000 0.00000000 0.00000000 0.00000000 1.0000000 

1.57000000 0.333000000 0.111000000 

0.20000000 0.00000000 
1.00000000 0.00000000 
0.00000000 1.0000000 

0.244000000 

1.0000000 

SI:def2-TZVP
def2-TZVP

  4
    0    1    2    3
    5    5    2    1
   14    9    3    1

44773.3580780 6717.1992104 1528.8960325 432.54746585 140.61505226 
86.533886111 49.857636724 26.624606846 18.434974885 4.4953057159 
2.1035045710 1.0106094922 0.23701751489 0.85703405362D-01 

0.55914765868D-03 0.00000000 0.00000000 0.00000000 0.00000000 
0.43206040189D-02 0.00000000 0.00000000 0.00000000 0.00000000 
0.22187096460D-01 0.00000000 0.00000000 0.00000000 0.00000000 
0.86489249116D-01 0.00000000 0.00000000 0.00000000 0.00000000 
0.24939889716 0.00000000 0.00000000 0.00000000 0.00000000 
0.00000000 0.21300063007D-01 0.00000000 0.00000000 0.00000000 
0.46017197366 0.00000000 0.00000000 0.00000000 0.00000000 
0.00000000 0.94676139318D-01 0.00000000 0.00000000 0.00000000 
0.34250236575 0.00000000 0.00000000 0.00000000 0.00000000 
0.00000000 -0.32616264859 0.00000000 0.00000000 0.00000000 
0.00000000 0.00000000 1.3980803850 0.00000000 0.00000000 
0.00000000 0.00000000 0.63865786699 0.00000000 0.00000000 
0.00000000 0.00000000 0.00000000 1.0000000 0.00000000 
0.00000000 0.00000000 0.00000000 0.00000000 1.0000000 

394.47503628 93.137683104 29.519608742 10.781663791 4.1626574778 
1.6247972989 0.54306660493 0.20582073956 0.70053487306D-01 

0.26285693959D-02 0.00000000 0.00000000 0.00000000 0.00000000 
0.20556257749D-01 0.00000000 0.00000000 0.00000000 0.00000000 
0.92070262801D-01 0.00000000 0.00000000 0.00000000 0.00000000 
0.25565889739 0.00000000 0.00000000 0.00000000 0.00000000 
0.42111707185 0.00000000 0.00000000 0.00000000 0.00000000 
0.00000000 .34401746318 0.00000000 0.00000000 0.00000000 
0.00000000 0.00000000 1.0000000 0.00000000 0.00000000 
0.00000000 0.00000000 0.00000000 1.0000000 0.00000000 
0.00000000 0.00000000 0.00000000 0.00000000 1.0000000 

2.30300000 0.476000000 0.160000000 

0.20000000 0.00000000 
1.00000000 0.00000000 
0.00000000 1.0000000 

0.336000000 

1.0000000 

P:def2-TZVP
def2-TZVP

  4
    0    1    2    3
    5    5    2    1
   14    9    3    1

52426.9992330 7863.2660552 1789.5227333 506.27300165 164.60698546 
99.013837620 58.391918722 30.550439817 21.643663201 5.4537087661 
2.6503362563 1.2726688867 0.31645005203 0.11417466938 

0.55207164100D-03 0.00000000 0.00000000 0.00000000 0.00000000 
0.42678595308D-02 0.00000000 0.00000000 0.00000000 0.00000000 
0.21931529186D-01 0.00000000 0.00000000 0.00000000 0.00000000 
0.85667168373D-01 0.00000000 0.00000000 0.00000000 0.00000000 
0.24840686605 0.00000000 0.00000000 0.00000000 0.00000000 
0.00000000 0.21895679958D-01 0.00000000 0.00000000 0.00000000 
0.46336753971 0.00000000 0.00000000 0.00000000 0.00000000 
0.00000000 0.95650470295D-01 0.00000000 0.00000000 0.00000000 
0.35350558156 0.00000000 0.00000000 0.00000000 0.00000000 
0.00000000 -0.29454270186 0.00000000 0.00000000 0.00000000 
0.00000000 0.00000000 1.3294381200 0.00000000 0.00000000 
0.00000000 0.00000000 0.66109396473 0.00000000 0.00000000 
0.00000000 0.00000000 0.00000000 1.0000000 0.00000000 
0.00000000 0.00000000 0.00000000 0.00000000 1.0000000 

472.27219248 111.58882756 35.445936418 12.990776875 5.0486221658 
1.9934049566 0.66527284430 0.25516832128 0.90357762251D-01 

0.25710623052D-02 0.00000000 0.00000000 0.00000000 0.00000000 
0.20250297999D-01 0.00000000 0.00000000 0.00000000 0.00000000 
0.91580716787D-01 0.00000000 0.00000000 0.00000000 0.00000000 
0.25749454014 0.00000000 0.00000000 0.00000000 0.00000000 
0.42862899758 0.00000000 0.00000000 0.00000000 0.00000000 
0.00000000 .34359817849 0.00000000 0.00000000 0.00000000 
0.00000000 0.00000000 1.0000000 0.00000000 0.00000000 
0.00000000 0.00000000 0.00000000 1.0000000 0.00000000 
0.00000000 0.00000000 0.00000000 0.00000000 1.0000000 

3.12000000 0.648000000 0.218000000 

0.20000000 0.00000000 
1.00000000 0.00000000 
0.00000000 1.0000000 

0.452000000 

1.0000000 

S:def2-TZVP
def2-TZVP

  4
    0    1    2    3
    5    5    2    1
   14    9    3    1

60700.9281040 9102.6106854 2071.4166009 586.02476821 190.55395021 
112.57463010 67.630384260 34.795554217 25.127306905 6.5115556215 
3.2399032261 1.5477160881 0.40541030112 0.14550651059 

0.54695944225D-03 0.00000000 0.00000000 0.00000000 0.00000000 
0.42297224557D-02 0.00000000 0.00000000 0.00000000 0.00000000 
0.21747824159D-01 0.00000000 0.00000000 0.00000000 0.00000000 
0.85100053589D-01 0.00000000 0.00000000 0.00000000 0.00000000 
0.24799128459 0.00000000 0.00000000 0.00000000 0.00000000 
0.00000000 0.21670040240D-01 0.00000000 0.00000000 0.00000000 
0.46703640406 0.00000000 0.00000000 0.00000000 0.00000000 
0.00000000 0.93602301760D-01 0.00000000 0.00000000 0.00000000 
0.36434587550 0.00000000 0.00000000 0.00000000 0.00000000 
0.00000000 -0.26068001422 0.00000000 0.00000000 0.00000000 
0.00000000 0.00000000 1.2842089435 0.00000000 0.00000000 
0.00000000 0.00000000 0.66036416584 0.00000000 0.00000000 
0.00000000 0.00000000 0.00000000 1.0000000 0.00000000 
0.00000000 0.00000000 0.00000000 0.00000000 1.0000000 

564.36716027 133.42624379 42.468271189 15.616527580 6.1093988469 
2.4404160198 0.83882201296 0.31288746900 0.10770109004 

0.24796796317D-02 0.00000000 0.00000000 0.00000000 0.00000000 
0.19677930250D-01 0.00000000 0.00000000 0.00000000 0.00000000 
0.89980008258D-01 0.00000000 0.00000000 0.00000000 0.00000000 
0.25705880575 0.00000000 0.00000000 0.00000000 0.00000000 
0.43515167292 0.00000000 0.00000000 0.00000000 0.00000000 
0.00000000 .34883240595 0.00000000 0.00000000 0.00000000 
0.00000000 0.00000000 1.0000000 0.00000000 0.00000000 
0.00000000 0.00000000 0.00000000 1.0000000 0.00000000 
0.00000000 0.00000000 0.00000000 0.00000000 1.0000000 

3.75600000 0.812000000 0.273000000 

0.20000000 0.00000000 
1.00000000 0.00000000 
0.00000000 1.0000000 

0.557000000 

1.0000000 

CL:def2-TZVP
def2-TZVP

  4
    0    1    2    3
    5    5    2    1
   14    9    3    1

69507.9909450 10426.1568800 2373.2334061 671.56420071 218.41999790 
127.10527185 77.572249714 39.339582961 28.888815277 7.6740679989 
3.8745627630 1.8385832573 0.50229057542 0.17962723420 

0.54314897497D-03 0.00000000 0.00000000 0.00000000 0.00000000 
0.41990463961D-02 0.00000000 0.00000000 0.00000000 0.00000000 
0.21592141679D-01 0.00000000 0.00000000 0.00000000 0.00000000 
0.84598850094D-01 0.00000000 0.00000000 0.00000000 0.00000000 
0.24757249724 0.00000000 0.00000000 0.00000000 0.00000000 
0.00000000 0.25182166603D-01 0.00000000 0.00000000 0.00000000 
0.47016930228 0.00000000 0.00000000 0.00000000 0.00000000 
0.00000000 0.10786112456 0.00000000 0.00000000 0.00000000 
0.37436370716 0.00000000 0.00000000 0.00000000 0.00000000 
0.00000000 -0.27408821574 0.00000000 0.00000000 0.00000000 
0.00000000 0.00000000 1.3213875014 0.00000000 0.00000000 
0.00000000 0.00000000 0.68636955368 0.00000000 0.00000000 
0.00000000 0.00000000 0.00000000 1.0000000 0.00000000 
0.00000000 0.00000000 0.00000000 0.00000000 1.0000000 

666.50423284 157.64241690 50.262520978 18.536078105 7.2940532777 
2.9433248995 1.0404970818 0.38456415080 0.13069642732 

0.23632663836D-02 0.00000000 0.00000000 0.00000000 0.00000000 
0.18879300374D-01 0.00000000 0.00000000 0.00000000 0.00000000 
0.87206341273D-01 0.00000000 0.00000000 0.00000000 0.00000000 
0.25285612970 0.00000000 0.00000000 0.00000000 0.00000000 
0.43507154820 0.00000000 0.00000000 0.00000000 0.00000000 
0.00000000 .35026513165 0.00000000 0.00000000 0.00000000 
0.00000000 0.00000000 1.0000000 0.00000000 0.00000000 
0.00000000 0.00000000 0.00000000 1.0000000 0.00000000 
0.00000000 0.00000000 0.00000000 0.00000000 1.0000000 

4.61000000 1.01100000 0.339000000 

0.20000000 0.00000000 
1.00000000 0.00000000 
0.00000000 1.0000000 

0.706000000 

1.0000000 

AR:def2-TZVP
def2-TZVP

  4
    0    1    2    3
    5    5    2    1
   14    9    3    1

79111.4229980 11864.7460090 2700.1642973 763.95943485 248.45150561 
142.55358000 88.283581000 44.163688009 32.948607069 8.9524995000 
4.5546920941 2.1444079001 0.60708777004 0.21651431999 

0.51029325002D-03 0.00000000 0.00000000 0.00000000 0.00000000 
0.39463036981D-02 0.00000000 0.00000000 0.00000000 0.00000000 
0.20307073910D-01 0.00000000 0.00000000 0.00000000 0.00000000 
0.79691825214D-01 0.00000000 0.00000000 0.00000000 0.00000000 
0.23420623836 0.00000000 0.00000000 0.00000000 0.00000000 
0.00000000 0.26387407001D-01 0.00000000 0.00000000 0.00000000 
0.44833849481 0.00000000 0.00000000 0.00000000 0.00000000 
0.00000000 0.11226433999 0.00000000 0.00000000 0.00000000 
0.36408167400 0.00000000 0.00000000 0.00000000 0.00000000 
0.00000000 -0.26178922001 0.00000000 0.00000000 0.00000000 
0.00000000 0.00000000 1.3002484998 0.00000000 0.00000000 
0.00000000 0.00000000 0.67197237009 0.00000000 0.00000000 
0.00000000 0.00000000 0.00000000 1.0000000 0.00000000 
0.00000000 0.00000000 0.00000000 0.00000000 1.0000000 

776.77541998 183.80107018 58.694003175 21.701591695 8.5821489635 
3.4922679161 1.2637426998 0.46607870005 0.15766003000 

0.22028005003D-02 0.00000000 0.00000000 0.00000000 0.00000000 
0.17694180008D-01 0.00000000 0.00000000 0.00000000 0.00000000 
0.82431293717D-01 0.00000000 0.00000000 0.00000000 0.00000000 
0.24207278863 0.00000000 0.00000000 0.00000000 0.00000000 
0.42263558251 0.00000000 0.00000000 0.00000000 0.00000000 
0.00000000 .34151806086 0.00000000 0.00000000 0.00000000 
0.00000000 0.00000000 1.0000000 0.00000000 0.00000000 
0.00000000 0.00000000 0.00000000 1.0000000 0.00000000 
0.00000000 0.00000000 0.00000000 0.00000000 1.0000000 

5.55100000 1.23500000 0.412000000 

0.20000000 0.00000000 
1.00000000 0.00000000 
0.00000000 1.0000000 

0.890000000 

1.0000000 

K:def2-TZVP
def2-TZVP

  3
    0    1    2
    6    4    3
   17   11    3

153976.1832500 23082.4976720 5253.2344745 1486.9550133 484.06333726 
173.56653980 172.87693567 67.116381464 53.058649063 26.339502054 
7.9212753964 4.5662070895 3.2108880472 0.70209907282 0.28258942635 
0.35805824617D-01 0.15819213245D-01 

0.23662636107D-03 0.00000000 0.00000000 0.00000000 0.00000000 0.00000000 
0.18342929137D-02 0.00000000 0.00000000 0.00000000 0.00000000 0.00000000 
0.95310527769D-02 0.00000000 0.00000000 0.00000000 0.00000000 0.00000000 
0.38638406980D-01 0.00000000 0.00000000 0.00000000 0.00000000 0.00000000 
0.12480768502 0.00000000 0.00000000 0.00000000 0.00000000 0.00000000 
0.29278861009 0.00000000 0.00000000 0.00000000 0.00000000 0.00000000 
0.00000000 -0.24200960936D-01 0.00000000 0.00000000 0.00000000 0.00000000 
0.40633425860 0.00000000 0.00000000 0.00000000 0.00000000 0.00000000 
0.00000000 -0.11553095040 0.00000000 0.00000000 0.00000000 0.00000000 
0.20077215860 0.00000000 0.00000000 0.00000000 0.00000000 0.00000000 
0.00000000 0.57455545175 0.00000000 0.00000000 0.00000000 0.00000000 
0.00000000 0.00000000 -0.22615763466 0.00000000 0.00000000 0.00000000 
0.00000000 0.57023185107 0.00000000 0.00000000 0.00000000 0.00000000 
0.00000000 0.00000000 0.75528392045 0.00000000 0.00000000 0.00000000 
0.00000000 0.00000000 0.00000000 1.0000000 0.00000000 0.00000000 
0.00000000 0.00000000 0.00000000 0.00000000 1.0000000 0.00000000 
0.00000000 0.00000000 0.00000000 0.00000000 0.00000000 1.0000000 

728.18449873 172.13265061 54.829847075 20.166266494 11.757337492 
7.8610728806 3.1105213132 1.5139617411 0.58328591795 0.21570478076 
0.0417370 

0.26150689792D-02 0.00000000 0.00000000 0.00000000 
0.20673630835D-01 0.00000000 0.00000000 0.00000000 
0.93205603870D-01 0.00000000 0.00000000 0.00000000 
0.25436518210 0.00000000 0.00000000 0.00000000 
0.00000000 -0.25777289217D-01 0.00000000 0.00000000 
0.39131132810 0.00000000 0.00000000 0.00000000 
0.22481345943 0.00000000 0.00000000 0.00000000 
0.00000000 0.57359428604 0.00000000 0.00000000 
0.00000000 1.0798320002 0.00000000 0.00000000 
0.00000000 0.00000000 1.0000000 0.00000000 
0.00000000 0.00000000 0.00000000 1.0000000 

0.9300000 0.1800000 0.0540000 

1.0000000 0.00000000 0.00000000 
0.00000000 1.0000000 0.00000000 
0.00000000 0.00000000 1.0000000 

CA:def2-TZVP
def2-TZVP

  3
    0    1    2
    6    5    3
   17   12    4

172517.3268500 25861.5192750 5885.6618668 1665.9730031 542.36718148 
194.57803492 191.20074660 75.303597636 58.840299883 29.574062589 
8.9642540845 5.2464289726 3.6856960541 0.84862621528 0.36743300538 
0.66821582613D-01 0.26759730445D-01 

0.23317502546D-03 0.00000000 0.00000000 0.00000000 0.00000000 0.00000000 
0.18076521980D-02 0.00000000 0.00000000 0.00000000 0.00000000 0.00000000 
0.93943844255D-02 0.00000000 0.00000000 0.00000000 0.00000000 0.00000000 
0.38108409009D-01 0.00000000 0.00000000 0.00000000 0.00000000 0.00000000 
0.12331203853 0.00000000 0.00000000 0.00000000 0.00000000 0.00000000 
0.29004470954 0.00000000 0.00000000 0.00000000 0.00000000 0.00000000 
0.00000000 -0.24419759759D-01 0.00000000 0.00000000 0.00000000 0.00000000 
0.40587151157 0.00000000 0.00000000 0.00000000 0.00000000 0.00000000 
0.00000000 -0.11547027448 0.00000000 0.00000000 0.00000000 0.00000000 
0.20398410743 0.00000000 0.00000000 0.00000000 0.00000000 0.00000000 
0.00000000 0.56356636717 0.00000000 0.00000000 0.00000000 0.00000000 
0.00000000 0.00000000 -0.22825334325 0.00000000 0.00000000 0.00000000 
0.00000000 0.56709682704 0.00000000 0.00000000 0.00000000 0.00000000 
0.00000000 0.00000000 0.72625219172 0.00000000 0.00000000 0.00000000 
0.00000000 0.00000000 0.00000000 1.0000000 0.00000000 0.00000000 
0.00000000 0.00000000 0.00000000 0.00000000 1.0000000 0.00000000 
0.00000000 0.00000000 0.00000000 0.00000000 0.00000000 1.0000000 

836.97262058 197.93040142 63.135558054 23.282687170 13.494163120 
9.1176444932 3.6336120139 1.8139259790 0.71981826006 0.27629576992 
0.0749790 0.0269270 

0.25258346092D-02 0.00000000 0.00000000 0.00000000 0.00000000 
0.20076506686D-01 0.00000000 0.00000000 0.00000000 0.00000000 
0.91302987366D-01 0.00000000 0.00000000 0.00000000 0.00000000 
0.25247029915 0.00000000 0.00000000 0.00000000 0.00000000 
0.00000000 -0.26495021951D-01 0.00000000 0.00000000 0.00000000 
0.39426326344 0.00000000 0.00000000 0.00000000 0.00000000 
0.23011559492 0.00000000 0.00000000 0.00000000 0.00000000 
0.00000000 0.55088108210 0.00000000 0.00000000 0.00000000 
0.00000000 1.0280616620 0.00000000 0.00000000 0.00000000 
0.00000000 0.00000000 1.0000000 0.00000000 0.00000000 
0.00000000 0.00000000 0.00000000 1.0000000 0.00000000 
0.00000000 0.00000000 0.00000000 0.00000000 1.0000000 

5.4979093879 1.3177128032 0.32188682649 0.70528614919D-01 

0.73770011433D-01 0.00000000 0.00000000 
0.26052853169 0.00000000 0.00000000 
0.00000000 0.45233836380 0.00000000 
0.00000000 0.00000000 1.0000000 

SC:def2-TZVP
def2-TZVP

  4
    0    1    2    3
    6    4    4    1
   17   11    7    1

191612.9187400 28723.8503630 6537.0116490 1850.3097171 602.38855156 
216.17324766 211.34393234 83.712517880 65.128920139 32.908707189 
10.034311535 6.0009041613 4.1596884597 0.98255784150 0.42483192773 
0.77185462096D-01 0.30147219702D-01 

0.23076475942D-03 0.00000000 0.00000000 0.00000000 0.00000000 0.00000000 
0.17890329946D-02 0.00000000 0.00000000 0.00000000 0.00000000 0.00000000 
0.92990401140D-02 0.00000000 0.00000000 0.00000000 0.00000000 0.00000000 
0.37739438011D-01 0.00000000 0.00000000 0.00000000 0.00000000 0.00000000 
0.12227148359 0.00000000 0.00000000 0.00000000 0.00000000 0.00000000 
0.28814821470 0.00000000 0.00000000 0.00000000 0.00000000 0.00000000 
0.00000000 -0.24527991462D-01 0.00000000 0.00000000 0.00000000 0.00000000 
0.40517543099 0.00000000 0.00000000 0.00000000 0.00000000 0.00000000 
0.00000000 -0.11570158142 0.00000000 0.00000000 0.00000000 0.00000000 
0.20566019623 0.00000000 0.00000000 0.00000000 0.00000000 0.00000000 
0.00000000 0.55995283317 0.00000000 0.00000000 0.00000000 0.00000000 
0.00000000 0.00000000 -0.22840494325 0.00000000 0.00000000 0.00000000 
0.00000000 0.56087765073 0.00000000 0.00000000 0.00000000 0.00000000 
0.00000000 0.00000000 0.71948970378 0.00000000 0.00000000 0.00000000 
0.00000000 0.00000000 0.00000000 1.0000000 0.00000000 0.00000000 
0.00000000 0.00000000 0.00000000 0.00000000 1.0000000 0.00000000 
0.00000000 0.00000000 0.00000000 0.00000000 0.00000000 1.0000000 

947.34122823 224.09699732 71.560334882 26.444824490 15.565737135 
10.393798285 4.1606304559 2.1121544865 0.84184709021 0.32297542652 
0.0897480 

0.24737208744D-02 0.00000000 0.00000000 0.00000000 
0.19742967060D-01 0.00000000 0.00000000 0.00000000 
0.90357147549D-01 0.00000000 0.00000000 0.00000000 
0.25201602503 0.00000000 0.00000000 0.00000000 
0.00000000 -0.27129423974D-01 0.00000000 0.00000000 
0.39675535929 0.00000000 0.00000000 0.00000000 
0.23208624517 0.00000000 0.00000000 0.00000000 
0.00000000 0.55109256629 0.00000000 0.00000000 
0.00000000 1.0090635806 0.00000000 0.00000000 
0.00000000 0.00000000 1.0000000 0.00000000 
0.00000000 0.00000000 0.00000000 1.0000000 

30.989390993 8.6905465069 2.9520256337 1.0761910745 0.38338915095 
0.12534686113 0.0410000 

0.11902837431D-01 0.00000000 0.00000000 0.00000000 
0.67655856850D-01 0.00000000 0.00000000 0.00000000 
0.21332539722 0.00000000 0.00000000 0.00000000 
0.38391075578 0.00000000 0.00000000 0.00000000 
0.00000000 .43354716259 0.00000000 0.00000000 
0.00000000 0.00000000 .24509263822 0.00000000 
0.00000000 0.00000000 0.00000000 1.0000000 

0.3450000 

1.0000000 

TI:def2-TZVP
def2-TZVP

  4
    0    1    2    3
    6    4    4    1
   17   11    7    1

211575.6902500 31714.9450580 7217.5476543 2042.9394247 665.12896208 
238.74942264 232.72624607 92.508691001 71.791209711 36.403919209 
11.158534615 6.8034629174 4.6548135416 1.1201076403 0.48080118839 
0.85157274977D-01 0.32657477046D-01 

0.23318151011D-03 0.00000000 0.00000000 0.00000000 0.00000000 0.00000000 
0.18079690851D-02 0.00000000 0.00000000 0.00000000 0.00000000 0.00000000 
0.93984311352D-02 0.00000000 0.00000000 0.00000000 0.00000000 0.00000000 
0.38156853618D-01 0.00000000 0.00000000 0.00000000 0.00000000 0.00000000 
0.12374757197 0.00000000 0.00000000 0.00000000 0.00000000 0.00000000 
0.29208551143 0.00000000 0.00000000 0.00000000 0.00000000 0.00000000 
0.00000000 -0.24920140738D-01 0.00000000 0.00000000 0.00000000 0.00000000 
0.41226800855 0.00000000 0.00000000 0.00000000 0.00000000 0.00000000 
0.00000000 -0.11746490087 0.00000000 0.00000000 0.00000000 0.00000000 
0.21090534061 0.00000000 0.00000000 0.00000000 0.00000000 0.00000000 
0.00000000 0.56503342318 0.00000000 0.00000000 0.00000000 0.00000000 
0.00000000 0.00000000 -0.23011425503 0.00000000 0.00000000 0.00000000 
0.00000000 0.56211101812 0.00000000 0.00000000 0.00000000 0.00000000 
0.00000000 0.00000000 0.72103186735 0.00000000 0.00000000 0.00000000 
0.00000000 0.00000000 0.00000000 1.0000000 0.00000000 0.00000000 
0.00000000 0.00000000 0.00000000 0.00000000 1.0000000 0.00000000 
0.00000000 0.00000000 0.00000000 0.00000000 0.00000000 1.0000000 

1063.1474732 251.56507061 80.408554854 29.768193269 17.796803704 
11.736830556 4.7142375230 2.4272698680 0.96823445537 0.37056694165 
0.1015610 

0.24690839320D-02 0.00000000 0.00000000 0.00000000 
0.19773345523D-01 0.00000000 0.00000000 0.00000000 
0.90987976672D-01 0.00000000 0.00000000 0.00000000 
0.25559900413 0.00000000 0.00000000 0.00000000 
0.00000000 -0.27878639615D-01 0.00000000 0.00000000 
0.40489386764 0.00000000 0.00000000 0.00000000 
0.23693402558 0.00000000 0.00000000 0.00000000 
0.00000000 0.55672914668 0.00000000 0.00000000 
0.00000000 1.0055447350 0.00000000 0.00000000 
0.00000000 0.00000000 1.0000000 0.00000000 
0.00000000 0.00000000 0.00000000 1.0000000 

37.713384723 10.692931184 3.6728446990 1.3588590303 0.49213295253 
0.16330520653 0.0540000 

0.11513835092D-01 0.00000000 0.00000000 0.00000000 
0.67246343996D-01 0.00000000 0.00000000 0.00000000 
0.21484207775 0.00000000 0.00000000 0.00000000 
0.38890892779 0.00000000 0.00000000 0.00000000 
0.00000000 .43040835243 0.00000000 0.00000000 
0.00000000 0.00000000 .23253305465 0.00000000 
0.00000000 0.00000000 0.00000000 1.0000000 

0.5620000 

1.0000000 

V:def2-TZVP
def2-TZVP

  4
    0    1    2    3
    6    4    4    1
   17   11    7    1

232340.6505800 34828.8411700 7926.5448691 2243.7733046 730.59322944 
262.32219631 255.24014968 101.70403805 78.804646961 40.064784617 
12.340598946 7.6513894469 5.1742019219 1.2639759898 0.53861761721 
0.92719296124D-01 0.34998055176D-01 

0.23072410092D-03 0.00000000 0.00000000 0.00000000 0.00000000 0.00000000 
0.17888178962D-02 0.00000000 0.00000000 0.00000000 0.00000000 0.00000000 
0.92992490131D-02 0.00000000 0.00000000 0.00000000 0.00000000 0.00000000 
0.37761463347D-01 0.00000000 0.00000000 0.00000000 0.00000000 0.00000000 
0.12255909662 0.00000000 0.00000000 0.00000000 0.00000000 0.00000000 
0.28963508811 0.00000000 0.00000000 0.00000000 0.00000000 0.00000000 
0.00000000 -0.24458116338D-01 0.00000000 0.00000000 0.00000000 0.00000000 
0.41004702955 0.00000000 0.00000000 0.00000000 0.00000000 0.00000000 
0.00000000 -0.11527205366 0.00000000 0.00000000 0.00000000 0.00000000 
0.21113610858 0.00000000 0.00000000 0.00000000 0.00000000 0.00000000 
0.00000000 0.55174749453 0.00000000 0.00000000 0.00000000 0.00000000 
0.00000000 0.00000000 -0.22967638286 0.00000000 0.00000000 0.00000000 
0.00000000 0.54504528489 0.00000000 0.00000000 0.00000000 0.00000000 
0.00000000 0.00000000 0.71683769077 0.00000000 0.00000000 0.00000000 
0.00000000 0.00000000 0.00000000 1.0000000 0.00000000 0.00000000 
0.00000000 0.00000000 0.00000000 0.00000000 1.0000000 0.00000000 
0.00000000 0.00000000 0.00000000 0.00000000 0.00000000 1.0000000 

1184.2369151 280.23075192 89.643627137 33.242411253 20.175586851 
13.144514452 5.2948534140 2.7605865197 1.1008900902 0.42013310739 
0.1112480 

0.24449826729D-02 0.00000000 0.00000000 0.00000000 
0.19643454466D-01 0.00000000 0.00000000 0.00000000 
0.90796949190D-01 0.00000000 0.00000000 0.00000000 
0.25650768222 0.00000000 0.00000000 0.00000000 
0.00000000 -0.28241489023D-01 0.00000000 0.00000000 
0.40815393750 0.00000000 0.00000000 0.00000000 
0.23860378268 0.00000000 0.00000000 0.00000000 
0.00000000 0.55574635619 0.00000000 0.00000000 
0.00000000 0.99319919270 0.00000000 0.00000000 
0.00000000 0.00000000 1.0000000 0.00000000 
0.00000000 0.00000000 0.00000000 1.0000000 

43.861134864 12.516021891 4.3313854957 1.6138855773 0.58749573961 
0.19515723011 0.0650000 

0.11487174238D-01 0.00000000 0.00000000 0.00000000 
0.68247153977D-01 0.00000000 0.00000000 0.00000000 
0.21837784195 0.00000000 0.00000000 0.00000000 
0.39245212296 0.00000000 0.00000000 0.00000000 
0.00000000 .42634466786 0.00000000 0.00000000 
0.00000000 0.00000000 .22646562601 0.00000000 
0.00000000 0.00000000 0.00000000 1.0000000 

0.8310000 

1.0000000 

CR:def2-TZVP
def2-TZVP

  4
    0    1    2    3
    6    4    4    1
   17   11    7    1

254477.8070400 38131.7970540 8675.2930607 2455.0099848 799.16217787 
286.90021489 279.32669173 111.25413232 86.274732376 43.864152636 
13.555756113 8.5636582615 5.6978112751 1.3988296768 0.57288171116 
0.90096171317D-01 0.34125885135D-01 

0.23386945693D-03 0.00000000 0.00000000 0.00000000 0.00000000 0.00000000 
0.18142601800D-02 0.00000000 0.00000000 0.00000000 0.00000000 0.00000000 
0.94363925721D-02 0.00000000 0.00000000 0.00000000 0.00000000 0.00000000 
0.38343639367D-01 0.00000000 0.00000000 0.00000000 0.00000000 0.00000000 
0.12459194837 0.00000000 0.00000000 0.00000000 0.00000000 0.00000000 
0.29489696029 0.00000000 0.00000000 0.00000000 0.00000000 0.00000000 
0.00000000 -0.23450908111D-01 0.00000000 0.00000000 0.00000000 0.00000000 
0.41846149607 0.00000000 0.00000000 0.00000000 0.00000000 0.00000000 
0.00000000 -0.11080370027 0.00000000 0.00000000 0.00000000 0.00000000 
0.21633763420 0.00000000 0.00000000 0.00000000 0.00000000 0.00000000 
0.00000000 0.53028965842 0.00000000 0.00000000 0.00000000 0.00000000 
0.00000000 0.00000000 -0.38109545675 0.00000000 0.00000000 0.00000000 
0.00000000 0.51603516947 0.00000000 0.00000000 0.00000000 0.00000000 
0.00000000 0.00000000 1.1991591436 0.00000000 0.00000000 0.00000000 
0.00000000 0.00000000 0.00000000 1.0000000 0.00000000 0.00000000 
0.00000000 0.00000000 0.00000000 0.00000000 1.0000000 0.00000000 
0.00000000 0.00000000 0.00000000 0.00000000 0.00000000 1.0000000 

1306.4398864 309.25311441 98.996273963 36.756916451 22.890999695 
14.566657077 5.8739937432 3.0855001822 1.2132329118 0.44931680699 
0.1206750 

0.24277326185D-02 0.00000000 0.00000000 0.00000000 
0.19544041017D-01 0.00000000 0.00000000 0.00000000 
0.90651794553D-01 0.00000000 0.00000000 0.00000000 
0.25699279154 0.00000000 0.00000000 0.00000000 
0.00000000 -0.28166026613D-01 0.00000000 0.00000000 
0.40935504891 0.00000000 0.00000000 0.00000000 
0.23729388849 0.00000000 0.00000000 0.00000000 
0.00000000 0.56034120148 0.00000000 0.00000000 
0.00000000 0.98119019650 0.00000000 0.00000000 
0.00000000 0.00000000 1.0000000 0.00000000 
0.00000000 0.00000000 0.00000000 1.0000000 

43.720074476 12.391242652 4.2639442006 1.5525221790 0.53761929485 
0.16493173074 0.0510000 

0.13622964026D-01 0.00000000 0.00000000 0.00000000 
0.78935180133D-01 0.00000000 0.00000000 0.00000000 
0.23833840000 0.00000000 0.00000000 0.00000000 
0.39526851122 0.00000000 0.00000000 0.00000000 
0.00000000 .41061717056 0.00000000 0.00000000 
0.00000000 0.00000000 .24440410795 0.00000000 
0.00000000 0.00000000 0.00000000 1.0000000 

1.1470000 

1.0000000 

MN:def2-TZVP
def2-TZVP

  4
    0    1    2    3
    6    4    4    1
   17   11    7    1

277185.0015300 41550.7698900 9455.9700152 2676.5206482 871.46687530 
312.98306420 303.66723163 121.44454051 93.881403187 47.922598829 
14.879421214 9.4858591337 6.2865200745 1.5698706158 0.65903213608 
0.10686292371 0.39267435433D-01 

0.22838385133D-03 0.00000000 0.00000000 0.00000000 0.00000000 0.00000000 
0.17707650375D-02 0.00000000 0.00000000 0.00000000 0.00000000 0.00000000 
0.92077209994D-02 0.00000000 0.00000000 0.00000000 0.00000000 0.00000000 
0.37415971825D-01 0.00000000 0.00000000 0.00000000 0.00000000 0.00000000 
0.12164861426 0.00000000 0.00000000 0.00000000 0.00000000 0.00000000 
0.28824392499 0.00000000 0.00000000 0.00000000 0.00000000 0.00000000 
0.00000000 -0.24589926140D-01 0.00000000 0.00000000 0.00000000 0.00000000 
0.41041600847 0.00000000 0.00000000 0.00000000 0.00000000 0.00000000 
0.00000000 -0.11602608038 0.00000000 0.00000000 0.00000000 0.00000000 
0.21372375145 0.00000000 0.00000000 0.00000000 0.00000000 0.00000000 
0.00000000 0.55112059677 0.00000000 0.00000000 0.00000000 0.00000000 
0.00000000 0.00000000 -0.22889262695 0.00000000 0.00000000 0.00000000 
0.00000000 0.53707560756 0.00000000 0.00000000 0.00000000 0.00000000 
0.00000000 0.00000000 0.71196169587 0.00000000 0.00000000 0.00000000 
0.00000000 0.00000000 0.00000000 1.0000000 0.00000000 0.00000000 
0.00000000 0.00000000 0.00000000 0.00000000 1.0000000 0.00000000 
0.00000000 0.00000000 0.00000000 0.00000000 0.00000000 1.0000000 

1444.7978182 342.06551197 109.58400891 40.747988173 25.357086437 
16.188626566 6.5484505964 3.4830168782 1.3858800906 0.52555094893 
0.1276500 

0.23994136455D-02 0.00000000 0.00000000 0.00000000 
0.19369286864D-01 0.00000000 0.00000000 0.00000000 
0.90236108988D-01 0.00000000 0.00000000 0.00000000 
0.25745467851 0.00000000 0.00000000 0.00000000 
0.00000000 -0.28707174058D-01 0.00000000 0.00000000 
0.41272351958 0.00000000 0.00000000 0.00000000 
0.24087700007 0.00000000 0.00000000 0.00000000 
0.00000000 0.55208100712 0.00000000 0.00000000 
0.00000000 0.97226901379 0.00000000 0.00000000 
0.00000000 0.00000000 1.0000000 0.00000000 
0.00000000 0.00000000 0.00000000 1.0000000 

56.563189119 16.278734711 5.6964273914 2.1411147942 0.78291801938 
0.25952311214 0.0860000 

0.11543245294532D-01 0.00000000 0.00000000 0.00000000 
0.70299845987196D-01 0.00000000 0.00000000 0.00000000 
0.22450770821295 0.00000000 0.00000000 0.00000000 
0.39703065434226 0.00000000 0.00000000 0.00000000 
0.00000000 .41941039165375 0.00000000 0.00000000 
0.00000000 0.00000000 .21887261672743 0.00000000 
0.00000000 0.00000000 0.00000000 1.0000000 

1.3260000 

1.0000000 

FE:def2-TZVP
def2-TZVP

  4
    0    1    2    3
    6    4    4    1
   17   11    7    1

300784.8463700 45088.9705570 10262.5163170 2905.2897293 946.11487137 
339.87832894 329.48839267 131.94425588 101.92332739 52.111494077 
16.240462745 10.470693782 6.8840675801 1.7360039648 0.72577288979 
0.11595528203 0.41968227746D-01 

0.22806273096D-03 0.00000000 0.00000000 0.00000000 0.00000000 0.00000000 
0.17681788761D-02 0.00000000 0.00000000 0.00000000 0.00000000 0.00000000 
0.91927083490D-02 0.00000000 0.00000000 0.00000000 0.00000000 0.00000000 
0.37355495807D-01 0.00000000 0.00000000 0.00000000 0.00000000 0.00000000 
0.12151108426 0.00000000 0.00000000 0.00000000 0.00000000 0.00000000 
0.28818881468 0.00000000 0.00000000 0.00000000 0.00000000 0.00000000 
0.00000000 -0.24745216477D-01 0.00000000 0.00000000 0.00000000 0.00000000 
0.41126612677 0.00000000 0.00000000 0.00000000 0.00000000 0.00000000 
0.00000000 -0.11683089050 0.00000000 0.00000000 0.00000000 0.00000000 
0.21518583573 0.00000000 0.00000000 0.00000000 0.00000000 0.00000000 
0.00000000 0.55293621136 0.00000000 0.00000000 0.00000000 0.00000000 
0.00000000 0.00000000 -0.22912708577 0.00000000 0.00000000 0.00000000 
0.00000000 0.53601640182 0.00000000 0.00000000 0.00000000 0.00000000 
0.00000000 0.00000000 0.71159319984 0.00000000 0.00000000 0.00000000 
0.00000000 0.00000000 0.00000000 1.0000000 0.00000000 0.00000000 
0.00000000 0.00000000 0.00000000 0.00000000 1.0000000 0.00000000 
0.00000000 0.00000000 0.00000000 0.00000000 0.00000000 1.0000000 

1585.3959970 375.38006499 120.31816501 44.788749031 28.143219756 
17.829278584 7.2247153786 3.8743241412 1.5410752281 0.58285615250 
0.1349150 

0.23793960179D-02 0.00000000 0.00000000 0.00000000 
0.19253154755D-01 0.00000000 0.00000000 0.00000000 
0.90021836536D-01 0.00000000 0.00000000 0.00000000 
0.25798172356 0.00000000 0.00000000 0.00000000 
0.00000000 -0.29041755152D-01 0.00000000 0.00000000 
0.41492649744 0.00000000 0.00000000 0.00000000 
0.24207474784 0.00000000 0.00000000 0.00000000 
0.00000000 0.55312260343 0.00000000 0.00000000 
0.00000000 0.96771136842 0.00000000 0.00000000 
0.00000000 0.00000000 1.0000000 0.00000000 
0.00000000 0.00000000 0.00000000 1.0000000 

61.996675034 17.873732552 6.2744782934 2.3552337175 0.85432239901 
0.27869254413 0.0910000 

0.11971972255D-01 0.00000000 0.00000000 0.00000000 
0.73210135410D-01 0.00000000 0.00000000 0.00000000 
0.23103094314 0.00000000 0.00000000 0.00000000 
0.39910706494 0.00000000 0.00000000 0.00000000 
0.00000000 .41391589765 0.00000000 0.00000000 
0.00000000 0.00000000 .21909269782 0.00000000 
0.00000000 0.00000000 0.00000000 1.0000000 

1.5980000 

1.0000000 

CO:def2-TZVP
def2-TZVP

  4
    0    1    2    3
    6    4    4    1
   17   11    7    1

325817.0155300 48839.6364530 11114.9373070 3146.1603642 1024.4378465 
368.02508816 356.40298318 142.91229205 110.31165215 56.482649209 
17.659634834 11.501807176 7.5059030479 1.9081994606 0.79396696891 
0.12444448829 0.44444645379D-01 

0.22568462484D-03 0.00000000 0.00000000 0.00000000 0.00000000 0.00000000 
0.17499397533D-02 0.00000000 0.00000000 0.00000000 0.00000000 0.00000000 
0.91003134097D-02 0.00000000 0.00000000 0.00000000 0.00000000 0.00000000 
0.36996256837D-01 0.00000000 0.00000000 0.00000000 0.00000000 0.00000000 
0.12044269621 0.00000000 0.00000000 0.00000000 0.00000000 0.00000000 
0.28598731649 0.00000000 0.00000000 0.00000000 0.00000000 0.00000000 
0.00000000 -0.24767059678D-01 0.00000000 0.00000000 0.00000000 0.00000000 
0.40908312004 0.00000000 0.00000000 0.00000000 0.00000000 0.00000000 
0.00000000 -0.11702139134 0.00000000 0.00000000 0.00000000 0.00000000 
0.21500145739 0.00000000 0.00000000 0.00000000 0.00000000 0.00000000 
0.00000000 0.55215522200 0.00000000 0.00000000 0.00000000 0.00000000 
0.00000000 0.00000000 -0.22942470077 0.00000000 0.00000000 0.00000000 
0.00000000 0.53246877060 0.00000000 0.00000000 0.00000000 0.00000000 
0.00000000 0.00000000 0.71180933514 0.00000000 0.00000000 0.00000000 
0.00000000 0.00000000 0.00000000 1.0000000 0.00000000 0.00000000 
0.00000000 0.00000000 0.00000000 0.00000000 1.0000000 0.00000000 
0.00000000 0.00000000 0.00000000 0.00000000 0.00000000 1.0000000 

1731.1369144 409.91750438 131.45648578 48.987439714 31.076017584 
19.537078992 7.9287281634 4.2835180697 1.7022921563 0.64202908602 
0.1413080 

0.23905767685D-02 0.00000000 0.00000000 0.00000000 
0.19382999967D-01 0.00000000 0.00000000 0.00000000 
0.90905448509D-01 0.00000000 0.00000000 0.00000000 
0.26146681577 0.00000000 0.00000000 0.00000000 
0.00000000 -0.29438069973D-01 0.00000000 0.00000000 
0.42157264570 0.00000000 0.00000000 0.00000000 
0.24571813557 0.00000000 0.00000000 0.00000000 
0.00000000 0.55615568168 0.00000000 0.00000000 
0.00000000 0.96772195064 0.00000000 0.00000000 
0.00000000 0.00000000 1.0000000 0.00000000 
0.00000000 0.00000000 0.00000000 1.0000000 

68.140745239 19.685241019 6.9322128825 2.6025125694 0.94016837302 
0.30381457794 0.0980000 

0.11983845360D-01 0.00000000 0.00000000 0.00000000 
0.73688540475D-01 0.00000000 0.00000000 0.00000000 
0.23085496779 0.00000000 0.00000000 0.00000000 
0.39281059225 0.00000000 0.00000000 0.00000000 
0.00000000 .40203412228 0.00000000 0.00000000 
0.00000000 0.00000000 .21415606743 0.00000000 
0.00000000 0.00000000 0.00000000 1.0000000 

1.9030000 

1.0000000 

NI:def2-TZVP
def2-TZVP

  4
    0    1    2    3
    6    4    4    1
   17   11    7    1

351535.7293500 52695.8092830 11992.4682930 3394.5776689 1105.3594585 
397.14677769 384.45559739 154.27542974 119.04879199 61.018723780 
19.137012223 12.579408642 8.1526718562 2.0870866081 0.86432568555 
0.13283169217 0.46845327726D-01 

0.22529386884D-03 0.00000000 0.00000000 0.00000000 0.00000000 0.00000000 
0.17468616223D-02 0.00000000 0.00000000 0.00000000 0.00000000 0.00000000 
0.90849992136D-02 0.00000000 0.00000000 0.00000000 0.00000000 0.00000000 
0.36940748447D-01 0.00000000 0.00000000 0.00000000 0.00000000 0.00000000 
0.12032819950 0.00000000 0.00000000 0.00000000 0.00000000 0.00000000 
0.28596715057 0.00000000 0.00000000 0.00000000 0.00000000 0.00000000 
0.00000000 -0.24651279268D-01 0.00000000 0.00000000 0.00000000 0.00000000 
0.40983020196 0.00000000 0.00000000 0.00000000 0.00000000 0.00000000 
0.00000000 -0.11658505277 0.00000000 0.00000000 0.00000000 0.00000000 
0.21620642851 0.00000000 0.00000000 0.00000000 0.00000000 0.00000000 
0.00000000 0.54864126676 0.00000000 0.00000000 0.00000000 0.00000000 
0.00000000 0.00000000 -0.22797884293 0.00000000 0.00000000 0.00000000 
0.00000000 0.52640051122 0.00000000 0.00000000 0.00000000 0.00000000 
0.00000000 0.00000000 0.70703738215 0.00000000 0.00000000 0.00000000 
0.00000000 0.00000000 0.00000000 1.0000000 0.00000000 0.00000000 
0.00000000 0.00000000 0.00000000 0.00000000 1.0000000 0.00000000 
0.00000000 0.00000000 0.00000000 0.00000000 0.00000000 1.0000000 

1883.0907486 445.95155320 143.08430815 53.372920722 34.144255211 
21.321919357 8.6643561994 4.7122455921 1.8709231845 0.70370016267 
0.1465880 

0.23748258443D-02 0.00000000 0.00000000 0.00000000 
0.19289457172D-01 0.00000000 0.00000000 0.00000000 
0.90718211507D-01 0.00000000 0.00000000 0.00000000 
0.26181414117 0.00000000 0.00000000 0.00000000 
0.00000000 -0.29677129163D-01 0.00000000 0.00000000 
0.42309149832 0.00000000 0.00000000 0.00000000 
0.24641686015 0.00000000 0.00000000 0.00000000 
0.00000000 0.55616824096 0.00000000 0.00000000 
0.00000000 0.96357766460 0.00000000 0.00000000 
0.00000000 0.00000000 1.0000000 0.00000000 
0.00000000 0.00000000 0.00000000 1.0000000 

74.591603465 21.590632752 7.6246142580 2.8632206762 1.0311063388 
0.33060760691 0.1060000 

0.12077454672D-01 0.00000000 0.00000000 0.00000000 
0.74637262154D-01 0.00000000 0.00000000 0.00000000 
0.23236775502 0.00000000 0.00000000 0.00000000 
0.39042651680 0.00000000 0.00000000 0.00000000 
0.00000000 .39509498921 0.00000000 0.00000000 
0.00000000 0.00000000 .21138769167 0.00000000 
0.00000000 0.00000000 0.00000000 1.0000000 

2.1740000 

1.0000000 

CU:def2-TZVP
def2-TZVP

  4
    0    1    2    3
    6    4    4    1
   17   11    7    1

377518.7992300 56589.9843110 12878.7117060 3645.3752143 1187.0072945 
426.46421902 414.41265811 165.70660164 128.32056039 65.598942707 
20.622089750 13.741372006 8.7821226045 2.2431246833 0.89370549079 
0.10836699534 0.38806178058D-01 

0.22811766128D-03 0.00000000 0.00000000 0.00000000 0.00000000 0.00000000 
0.17688035931D-02 0.00000000 0.00000000 0.00000000 0.00000000 0.00000000 
0.91993460227D-02 0.00000000 0.00000000 0.00000000 0.00000000 0.00000000 
0.37411016434D-01 0.00000000 0.00000000 0.00000000 0.00000000 0.00000000 
0.12189873737 0.00000000 0.00000000 0.00000000 0.00000000 0.00000000 
0.28983900714 0.00000000 0.00000000 0.00000000 0.00000000 0.00000000 
0.00000000 -0.24682525053D-01 0.00000000 0.00000000 0.00000000 0.00000000 
0.41531872174 0.00000000 0.00000000 0.00000000 0.00000000 0.00000000 
0.00000000 -0.11716827406 0.00000000 0.00000000 0.00000000 0.00000000 
0.21905799287 0.00000000 0.00000000 0.00000000 0.00000000 0.00000000 
0.00000000 0.55301315941 0.00000000 0.00000000 0.00000000 0.00000000 
0.00000000 0.00000000 -0.22736061821 0.00000000 0.00000000 0.00000000 
0.00000000 0.52242718609 0.00000000 0.00000000 0.00000000 0.00000000 
0.00000000 0.00000000 0.71761210873 0.00000000 0.00000000 0.00000000 
0.00000000 0.00000000 0.00000000 1.0000000 0.00000000 0.00000000 
0.00000000 0.00000000 0.00000000 0.00000000 1.0000000 0.00000000 
0.00000000 0.00000000 0.00000000 0.00000000 0.00000000 1.0000000 

2034.7596692 481.90468106 154.67482963 57.740576969 37.596171210 
23.099052811 9.3882478591 5.1240690810 2.0119996085 0.73860686002 
0.1550650 

0.23524822298D-02 0.00000000 0.00000000 0.00000000 
0.19134070751D-01 0.00000000 0.00000000 0.00000000 
0.90171105278D-01 0.00000000 0.00000000 0.00000000 
0.26063284735 0.00000000 0.00000000 0.00000000 
0.00000000 -0.28991094530D-01 0.00000000 0.00000000 
0.42093485770 0.00000000 0.00000000 0.00000000 
0.24344615121 0.00000000 0.00000000 0.00000000 
0.00000000 0.54919083831 0.00000000 0.00000000 
0.00000000 0.93793330488 0.00000000 0.00000000 
0.00000000 0.00000000 1.0000000 0.00000000 
0.00000000 0.00000000 0.00000000 1.0000000 

74.129460637 21.359842587 7.4995240537 2.7601394169 0.95362061236 
0.28420862520 0.0850000 

0.14363216676D-01 0.00000000 0.00000000 0.00000000 
0.86628177096D-01 0.00000000 0.00000000 0.00000000 
0.25631430541 0.00000000 0.00000000 0.00000000 
0.40374062368 0.00000000 0.00000000 0.00000000 
0.00000000 .39427042447 0.00000000 0.00000000 
0.00000000 0.00000000 .23091146816 0.00000000 
0.00000000 0.00000000 0.00000000 1.0000000 

2.2330000 

1.0000000 

ZN:def2-TZVP
def2-TZVP

  4
    0    1    2    3
    6    5    4    1
   17   12    7    1

405924.3102800 60846.9557350 13847.3430920 3919.6158551 1276.3594167 
458.67254435 443.88077950 178.28725246 137.55875267 70.612192837 
22.268083479 14.874114065 9.5217310606 2.4647517612 1.0113272238 
0.14919852089 0.51441872981D-01 

0.22442017483D-03 0.00000000 0.00000000 0.00000000 0.00000000 0.00000000 
0.17402086626D-02 0.00000000 0.00000000 0.00000000 0.00000000 0.00000000 
0.90513339565D-02 0.00000000 0.00000000 0.00000000 0.00000000 0.00000000 
0.36817341445D-01 0.00000000 0.00000000 0.00000000 0.00000000 0.00000000 
0.12004850256 0.00000000 0.00000000 0.00000000 0.00000000 0.00000000 
0.28576057621 0.00000000 0.00000000 0.00000000 0.00000000 0.00000000 
0.00000000 -0.24934274984D-01 0.00000000 0.00000000 0.00000000 0.00000000 
0.41087462062 0.00000000 0.00000000 0.00000000 0.00000000 0.00000000 
0.00000000 -0.11817955766 0.00000000 0.00000000 0.00000000 0.00000000 
0.21816962456 0.00000000 0.00000000 0.00000000 0.00000000 0.00000000 
0.00000000 0.55367318468 0.00000000 0.00000000 0.00000000 0.00000000 
0.00000000 0.00000000 -0.22929955254 0.00000000 0.00000000 0.00000000 
0.00000000 0.52628934936 0.00000000 0.00000000 0.00000000 0.00000000 
0.00000000 0.00000000 0.71135484742 0.00000000 0.00000000 0.00000000 
0.00000000 0.00000000 0.00000000 1.0000000 0.00000000 0.00000000 
0.00000000 0.00000000 0.00000000 0.00000000 1.0000000 0.00000000 
0.00000000 0.00000000 0.00000000 0.00000000 0.00000000 1.0000000 

2205.3508534 522.35300699 167.73055542 62.670045373 40.713442521 
25.109749456 10.225142681 5.6247090696 2.2279949116 0.83354741691 
0.1624550 0.0477690 

0.23356240448D-02 0.00000000 0.00000000 0.00000000 0.00000000 
0.19031022634D-01 0.00000000 0.00000000 0.00000000 0.00000000 
0.89955758675D-01 0.00000000 0.00000000 0.00000000 0.00000000 
0.26113248631 0.00000000 0.00000000 0.00000000 0.00000000 
0.00000000 -0.30029667592D-01 0.00000000 0.00000000 0.00000000 
0.42348448173 0.00000000 0.00000000 0.00000000 0.00000000 
0.24618926885 0.00000000 0.00000000 0.00000000 0.00000000 
0.00000000 0.55575254864 0.00000000 0.00000000 0.00000000 
0.00000000 0.95581013442 0.00000000 0.00000000 0.00000000 
0.00000000 0.00000000 1.0000000 0.00000000 0.00000000 
0.00000000 0.00000000 0.00000000 1.0000000 0.00000000 
0.00000000 0.00000000 0.00000000 0.00000000 1.0000000 

88.554315311 25.721525557 9.1278367624 3.4312364064 1.2308920645 
0.39031845112 0.1240000 

0.12728170015D-01 0.00000000 0.00000000 0.00000000 
0.79394499843D-01 0.00000000 0.00000000 0.00000000 
0.24491506805 0.00000000 0.00000000 0.00000000 
0.40390526479 0.00000000 0.00000000 0.00000000 
0.00000000 .40158491145 0.00000000 0.00000000 
0.00000000 0.00000000 .21579805034 0.00000000 
0.00000000 0.00000000 0.00000000 1.0000000 

2.6140000 

1.0000000 

GA:def2-TZVP
def2-TZVP

  4
    0    1    2    3
    6    5    4    1
   17   12    8    1

435548.6625400 65289.5890310 14858.7842560 4205.9734729 1369.6416431 
492.30348905 474.30810613 191.41923233 147.10297560 75.840558665 
23.982599435 16.050381430 10.298230094 2.6988468784 1.1428588736 
0.20217652251 0.71980152032D-01 

0.23646329650D-03 0.00000000 0.00000000 0.00000000 0.00000000 0.00000000 
0.18335271776D-02 0.00000000 0.00000000 0.00000000 0.00000000 0.00000000 
0.95371863081D-02 0.00000000 0.00000000 0.00000000 0.00000000 0.00000000 
0.38803412468D-01 0.00000000 0.00000000 0.00000000 0.00000000 0.00000000 
0.12661604848 0.00000000 0.00000000 0.00000000 0.00000000 0.00000000 
0.30175310292 0.00000000 0.00000000 0.00000000 0.00000000 0.00000000 
0.00000000 -0.26743707958D-01 0.00000000 0.00000000 0.00000000 0.00000000 
0.43543934218 0.00000000 0.00000000 0.00000000 0.00000000 0.00000000 
0.00000000 -0.12654657542 0.00000000 0.00000000 0.00000000 0.00000000 
0.23282363780 0.00000000 0.00000000 0.00000000 0.00000000 0.00000000 
0.00000000 0.58840346839 0.00000000 0.00000000 0.00000000 0.00000000 
0.00000000 0.00000000 -0.24516439508 0.00000000 0.00000000 0.00000000 
0.00000000 0.56324271589 0.00000000 0.00000000 0.00000000 0.00000000 
0.00000000 0.00000000 0.74578049593 0.00000000 0.00000000 0.00000000 
0.00000000 0.00000000 0.00000000 1.0000000 0.00000000 0.00000000 
0.00000000 0.00000000 0.00000000 0.00000000 1.0000000 0.00000000 
0.00000000 0.00000000 0.00000000 0.00000000 0.00000000 1.0000000 

2432.0171070 576.12049582 185.11584354 69.246572556 42.819661530 
27.818107777 11.420229938 6.3885901000 2.6698993326 1.0781783834 
0.22796559371 0.62836234833D-01 

0.22434065928D-02 0.00000000 0.00000000 0.00000000 0.00000000 
0.18342265336D-01 0.00000000 0.00000000 0.00000000 0.00000000 
0.87279697167D-01 0.00000000 0.00000000 0.00000000 0.00000000 
0.25684868351 0.00000000 0.00000000 0.00000000 0.00000000 
0.00000000 -0.19326519119D-01 0.00000000 0.00000000 0.00000000 
0.42398378107 0.00000000 0.00000000 0.00000000 0.00000000 
0.25701340043 0.00000000 0.00000000 0.00000000 0.00000000 
0.00000000 0.31571386917 0.00000000 0.00000000 0.00000000 
0.00000000 0.57617792822 0.00000000 0.00000000 0.00000000 
0.00000000 0.00000000 1.0000000 0.00000000 0.00000000 
0.00000000 0.00000000 0.00000000 1.0000000 0.00000000 
0.00000000 0.00000000 0.00000000 0.00000000 1.0000000 

103.92331829 30.371094389 10.872078097 4.1549137954 1.5345659145 
0.51114263830 0.30622000 0.11391309 

0.11464613652D-01 0.00000000 0.00000000 0.00000000 
0.73625747383D-01 0.00000000 0.00000000 0.00000000 
0.23505107382 0.00000000 0.00000000 0.00000000 
0.40318563513 0.00000000 0.00000000 0.00000000 
0.40824748152 0.00000000 0.00000000 0.00000000 
0.00000000 .20502439263 0.00000000 0.00000000 
0.00000000 0.00000000 1.0000000 0.00000000 
0.00000000 0.00000000 0.00000000 1.0000000 

0.30996095 

1.0000000 

GE:def2-TZVP
def2-TZVP

  4
    0    1    2    3
    6    5    4    1
   17   12    8    1

466115.0059200 69875.4207620 15903.2767160 4501.8233453 1466.0570924 
527.07841728 505.74661282 205.00395074 156.96593744 81.251596065 
25.761448176 17.272059104 11.106654687 2.9438289048 1.2839164916 
0.25873337445 0.93524913177D-01 

0.22487264660D-03 0.00000000 0.00000000 0.00000000 0.00000000 0.00000000 
0.17435426729D-02 0.00000000 0.00000000 0.00000000 0.00000000 0.00000000 
0.90691482206D-02 0.00000000 0.00000000 0.00000000 0.00000000 0.00000000 
0.36906174685D-01 0.00000000 0.00000000 0.00000000 0.00000000 0.00000000 
0.12050167907 0.00000000 0.00000000 0.00000000 0.00000000 0.00000000 
0.28748641703 0.00000000 0.00000000 0.00000000 0.00000000 0.00000000 
0.00000000 -0.25184609291D-01 0.00000000 0.00000000 0.00000000 0.00000000 
0.41622321885 0.00000000 0.00000000 0.00000000 0.00000000 0.00000000 
0.00000000 -0.11898929721 0.00000000 0.00000000 0.00000000 0.00000000 
0.22397845695 0.00000000 0.00000000 0.00000000 0.00000000 0.00000000 
0.00000000 0.54930135870 0.00000000 0.00000000 0.00000000 0.00000000 
0.00000000 0.00000000 -0.22854595728 0.00000000 0.00000000 0.00000000 
0.00000000 0.52939309129 0.00000000 0.00000000 0.00000000 0.00000000 
0.00000000 0.00000000 0.68377930317 0.00000000 0.00000000 0.00000000 
0.00000000 0.00000000 0.00000000 1.0000000 0.00000000 0.00000000 
0.00000000 0.00000000 0.00000000 0.00000000 1.0000000 0.00000000 
0.00000000 0.00000000 0.00000000 0.00000000 0.00000000 1.0000000 

2633.9346241 624.00161628 200.58528404 75.097081525 45.981316002 
30.214388474 12.440087567 6.9945654416 2.9686001327 1.2320988495 
0.28981614974 0.85564606447D-01 

0.22143925310D-02 0.00000000 0.00000000 0.00000000 0.00000000 
0.18140899141D-01 0.00000000 0.00000000 0.00000000 0.00000000 
0.86632184922D-01 0.00000000 0.00000000 0.00000000 0.00000000 
0.25649020592 0.00000000 0.00000000 0.00000000 0.00000000 
0.00000000 -0.20321767678D-01 0.00000000 0.00000000 0.00000000 
0.42658611262 0.00000000 0.00000000 0.00000000 0.00000000 
0.26200527313 0.00000000 0.00000000 0.00000000 0.00000000 
0.00000000 0.32013744527 0.00000000 0.00000000 0.00000000 
0.00000000 0.59051014555 0.00000000 0.00000000 0.00000000 
0.00000000 0.00000000 1.0000000 0.00000000 0.00000000 
0.00000000 0.00000000 0.00000000 1.0000000 0.00000000 
0.00000000 0.00000000 0.00000000 0.00000000 1.0000000 

119.44887581 35.062915293 12.636924529 4.8888672922 1.8453195392 
0.63571158892 0.35492132 0.13155709 

0.10586544521D-01 0.00000000 0.00000000 0.00000000 
0.69601280945D-01 0.00000000 0.00000000 0.00000000 
0.22807035287 0.00000000 0.00000000 0.00000000 
0.40301067220 0.00000000 0.00000000 0.00000000 
0.41304847015 0.00000000 0.00000000 0.00000000 
0.00000000 .19639209740 0.00000000 0.00000000 
0.00000000 0.00000000 1.0000000 0.00000000 
0.00000000 0.00000000 0.00000000 1.0000000 

0.36210645 

1.0000000 

AS:def2-TZVP
def2-TZVP

  4
    0    1    2    3
    6    5    4    1
   17   13    8    1

498032.4215800 74656.8687430 16990.9600040 4809.6200321 1566.2887055 
563.21360499 538.19512479 219.11179978 167.14850224 86.866061030 
27.605517159 18.538023133 11.947858521 3.2018985739 1.4356522077 
0.31837805200 0.11622632186 

0.22740196900D-03 0.00000000 0.00000000 0.00000000 0.00000000 0.00000000 
0.17632816413D-02 0.00000000 0.00000000 0.00000000 0.00000000 0.00000000 
0.91728040381D-02 0.00000000 0.00000000 0.00000000 0.00000000 0.00000000 
0.37337829344D-01 0.00000000 0.00000000 0.00000000 0.00000000 0.00000000 
0.12199536117 0.00000000 0.00000000 0.00000000 0.00000000 0.00000000 
0.29137475324 0.00000000 0.00000000 0.00000000 0.00000000 0.00000000 
0.00000000 -0.25254197297D-01 0.00000000 0.00000000 0.00000000 0.00000000 
0.42326351479 0.00000000 0.00000000 0.00000000 0.00000000 0.00000000 
0.00000000 -0.11915461115 0.00000000 0.00000000 0.00000000 0.00000000 
0.22921464278 0.00000000 0.00000000 0.00000000 0.00000000 0.00000000 
0.00000000 0.54628495980 0.00000000 0.00000000 0.00000000 0.00000000 
0.00000000 0.00000000 -0.23479188136 0.00000000 0.00000000 0.00000000 
0.00000000 0.53001520976 0.00000000 0.00000000 0.00000000 0.00000000 
0.00000000 0.00000000 0.69167053428 0.00000000 0.00000000 0.00000000 
0.00000000 0.00000000 0.00000000 1.0000000 0.00000000 0.00000000 
0.00000000 0.00000000 0.00000000 0.00000000 1.0000000 0.00000000 
0.00000000 0.00000000 0.00000000 0.00000000 0.00000000 1.0000000 

2678.9421546 634.61765840 203.93967606 76.323890369 49.256229549 
30.664124943 12.505056732 7.7274891466 3.5410493476 1.6985585501 
0.76848071044 0.30050823260 0.98190639437D-01 

0.23318955287D-02 0.00000000 0.00000000 0.00000000 0.00000000 
0.19042149977D-01 0.00000000 0.00000000 0.00000000 0.00000000 
0.90229744913D-01 0.00000000 0.00000000 0.00000000 0.00000000 
0.26169037693 0.00000000 0.00000000 0.00000000 0.00000000 
0.00000000 -0.21235539870D-01 0.00000000 0.00000000 0.00000000 
0.41857168155 0.00000000 0.00000000 0.00000000 0.00000000 
0.23447830190 0.00000000 0.00000000 0.00000000 0.00000000 
0.00000000 0.30470206668 0.00000000 0.00000000 0.00000000 
0.00000000 0.52888373107 0.00000000 0.00000000 0.00000000 
0.00000000 0.37272250955 0.00000000 0.00000000 0.00000000 
0.00000000 0.00000000 1.0000000 0.00000000 0.00000000 
0.00000000 0.00000000 0.00000000 1.0000000 0.00000000 
0.00000000 0.00000000 0.00000000 0.00000000 1.0000000 

135.33289305 39.860212744 14.446428359 5.6432900356 2.1668188623 
0.76514970569 0.42434653 0.16331527 

0.99291144106D-02 0.00000000 0.00000000 0.00000000 
0.66568843496D-01 0.00000000 0.00000000 0.00000000 
0.22275768307 0.00000000 0.00000000 0.00000000 
0.40309224382 0.00000000 0.00000000 0.00000000 
0.41671667946 0.00000000 0.00000000 0.00000000 
0.00000000 .18935502288 0.00000000 0.00000000 
0.00000000 0.00000000 1.0000000 0.00000000 
0.00000000 0.00000000 0.00000000 1.0000000 

0.43271941 

1.0000000 

SE:def2-TZVP
def2-TZVP

  4
    0    1    2    3
    6    5    4    1
   17   13    8    1

531071.6669600 79603.0441170 18115.8442400 5127.8923194 1669.9130839 
600.57534527 571.57513675 233.70021247 177.63686375 92.672443932 
29.517767052 19.848235841 12.824399795 3.4744018486 1.5988910849 
0.38333469387 0.14049742459 

0.24108973168D-03 0.00000000 0.00000000 0.00000000 0.00000000 0.00000000 
0.18696431441D-02 0.00000000 0.00000000 0.00000000 0.00000000 0.00000000 
0.97271616536D-02 0.00000000 0.00000000 0.00000000 0.00000000 0.00000000 
0.39604793031D-01 0.00000000 0.00000000 0.00000000 0.00000000 0.00000000 
0.12948855136 0.00000000 0.00000000 0.00000000 0.00000000 0.00000000 
0.30959437289 0.00000000 0.00000000 0.00000000 0.00000000 0.00000000 
0.00000000 -0.26895707881D-01 0.00000000 0.00000000 0.00000000 0.00000000 
0.45115769216 0.00000000 0.00000000 0.00000000 0.00000000 0.00000000 
0.00000000 -0.12670989353 0.00000000 0.00000000 0.00000000 0.00000000 
0.24579189033 0.00000000 0.00000000 0.00000000 0.00000000 0.00000000 
0.00000000 0.57699001719 0.00000000 0.00000000 0.00000000 0.00000000 
0.00000000 0.00000000 -0.25132415534 0.00000000 0.00000000 0.00000000 
0.00000000 0.56369075408 0.00000000 0.00000000 0.00000000 0.00000000 
0.00000000 0.00000000 0.72905416980 0.00000000 0.00000000 0.00000000 
0.00000000 0.00000000 0.00000000 1.0000000 0.00000000 0.00000000 
0.00000000 0.00000000 0.00000000 0.00000000 1.0000000 0.00000000 
0.00000000 0.00000000 0.00000000 0.00000000 0.00000000 1.0000000 

2815.3500566 666.92558298 214.34213188 80.246687942 53.366108516 
32.251081288 13.106432562 8.1827777195 3.6239945672 1.6341591401 
0.58418320228 0.23966269279 0.88785134803D-01 

0.25569026854D-02 0.00000000 0.00000000 0.00000000 0.00000000 
0.20874026901D-01 0.00000000 0.00000000 0.00000000 0.00000000 
0.98772096250D-01 0.00000000 0.00000000 0.00000000 0.00000000 
0.28471821221 0.00000000 0.00000000 0.00000000 0.00000000 
0.00000000 -0.21558456273D-01 0.00000000 0.00000000 0.00000000 
0.45003584934 0.00000000 0.00000000 0.00000000 0.00000000 
0.24416091055 0.00000000 0.00000000 0.00000000 0.00000000 
0.00000000 0.32662310638 0.00000000 0.00000000 0.00000000 
0.00000000 0.57740499319 0.00000000 0.00000000 0.00000000 
0.00000000 0.34301320826 0.00000000 0.00000000 0.00000000 
0.00000000 0.00000000 1.0000000 0.00000000 0.00000000 
0.00000000 0.00000000 0.00000000 1.0000000 0.00000000 
0.00000000 0.00000000 0.00000000 0.00000000 1.0000000 

151.82910279 44.839992523 16.328999510 6.4305057612 2.5048025169 
0.90271148434 0.47683613 0.18535160 

0.93970276988D-02 0.00000000 0.00000000 0.00000000 
0.64086503991D-01 0.00000000 0.00000000 0.00000000 
0.21834238004 0.00000000 0.00000000 0.00000000 
0.40314789649 0.00000000 0.00000000 0.00000000 
0.41966491490 0.00000000 0.00000000 0.00000000 
0.00000000 .18366663432 0.00000000 0.00000000 
0.00000000 0.00000000 1.0000000 0.00000000 
0.00000000 0.00000000 0.00000000 1.0000000 

0.48866905 

1.0000000 

BR:def2-TZVP
def2-TZVP

  4
    0    1    2    3
    6    5    4    1
   17   13    8    1

565073.2525600 84701.7231790 19276.2719000 5456.4284576 1776.9503500 
639.19398276 606.07824568 248.78823961 188.45598484 98.678305494 
31.497144506 21.203212766 13.736008320 3.7616420178 1.7735933962 
0.45197413664 0.16613377099 

0.23660314690D-03 0.00000000 0.00000000 0.00000000 0.00000000 0.00000000 
0.18348332508D-02 0.00000000 0.00000000 0.00000000 0.00000000 0.00000000 
0.95465849860D-02 0.00000000 0.00000000 0.00000000 0.00000000 0.00000000 
0.38877142153D-01 0.00000000 0.00000000 0.00000000 0.00000000 0.00000000 
0.12718314231 0.00000000 0.00000000 0.00000000 0.00000000 0.00000000 
0.30437662191 0.00000000 0.00000000 0.00000000 0.00000000 0.00000000 
0.00000000 -0.26527158709D-01 0.00000000 0.00000000 0.00000000 0.00000000 
0.44490940497 0.00000000 0.00000000 0.00000000 0.00000000 0.00000000 
0.00000000 -0.12484584809 0.00000000 0.00000000 0.00000000 0.00000000 
0.24381643058 0.00000000 0.00000000 0.00000000 0.00000000 0.00000000 
0.00000000 0.56468683559 0.00000000 0.00000000 0.00000000 0.00000000 
0.00000000 0.00000000 -0.24940920493 0.00000000 0.00000000 0.00000000 
0.00000000 0.55555268564 0.00000000 0.00000000 0.00000000 0.00000000 
0.00000000 0.00000000 0.71213119743 0.00000000 0.00000000 0.00000000 
0.00000000 0.00000000 0.00000000 1.0000000 0.00000000 0.00000000 
0.00000000 0.00000000 0.00000000 0.00000000 1.0000000 0.00000000 
0.00000000 0.00000000 0.00000000 0.00000000 0.00000000 1.0000000 

3019.6955723 715.35481126 229.98328751 86.167844615 57.085653082 
34.667870802 14.113870307 8.8193845840 3.9340302872 1.7998830384 
0.66899410512 0.27136238231 0.10083790243 

0.24971049798D-02 0.00000000 0.00000000 0.00000000 0.00000000 
0.20419267596D-01 0.00000000 0.00000000 0.00000000 0.00000000 
0.96897148309D-01 0.00000000 0.00000000 0.00000000 0.00000000 
0.28053901252 0.00000000 0.00000000 0.00000000 0.00000000 
0.00000000 -0.21855950710D-01 0.00000000 0.00000000 0.00000000 
0.44606390473 0.00000000 0.00000000 0.00000000 0.00000000 
0.24410073923 0.00000000 0.00000000 0.00000000 0.00000000 
0.00000000 0.32707075320 0.00000000 0.00000000 0.00000000 
0.00000000 0.57855229520 0.00000000 0.00000000 0.00000000 
0.00000000 0.33570987698 0.00000000 0.00000000 0.00000000 
0.00000000 0.00000000 1.0000000 0.00000000 0.00000000 
0.00000000 0.00000000 0.00000000 1.0000000 0.00000000 
0.00000000 0.00000000 0.00000000 0.00000000 1.0000000 

168.85370257 49.977949919 18.274913338 7.2455694631 2.8562315025 
1.0459621144 0.56865655 0.22031490 

0.89663981988D-02 0.00000000 0.00000000 0.00000000 
0.62062059316D-01 0.00000000 0.00000000 0.00000000 
0.21474732384 0.00000000 0.00000000 0.00000000 
0.40335336746 0.00000000 0.00000000 0.00000000 
0.42208813080 0.00000000 0.00000000 0.00000000 
0.00000000 .17874813267 0.00000000 0.00000000 
0.00000000 0.00000000 1.0000000 0.00000000 
0.00000000 0.00000000 0.00000000 1.0000000 

0.57083312 

1.0000000 

KR:def2-TZVP
def2-TZVP

  4
    0    1    2    3
    6    5    4    1
   17   13    8    1

600250.9757500 89976.6507810 20476.8142250 5796.1554078 1887.5913196 
679.11458519 641.47370764 264.38244511 199.57524820 104.88368574 
33.545462954 22.603101860 14.683955144 4.0650682991 1.9611027060 
0.52465147979 0.19332399511 

0.23740610399D-03 0.00000000 0.00000000 0.00000000 0.00000000 0.00000000 
0.18410240539D-02 0.00000000 0.00000000 0.00000000 0.00000000 0.00000000 
0.95795580699D-02 0.00000000 0.00000000 0.00000000 0.00000000 0.00000000 
0.39020650488D-01 0.00000000 0.00000000 0.00000000 0.00000000 0.00000000 
0.12772645628 0.00000000 0.00000000 0.00000000 0.00000000 0.00000000 
0.30596521300 0.00000000 0.00000000 0.00000000 0.00000000 0.00000000 
0.00000000 -0.26745279805D-01 0.00000000 0.00000000 0.00000000 0.00000000 
0.44857474437 0.00000000 0.00000000 0.00000000 0.00000000 0.00000000 
0.00000000 -0.12571122567 0.00000000 0.00000000 0.00000000 0.00000000 
0.24722957327 0.00000000 0.00000000 0.00000000 0.00000000 0.00000000 
0.00000000 0.56483736390 0.00000000 0.00000000 0.00000000 0.00000000 
0.00000000 0.00000000 -0.25298771800 0.00000000 0.00000000 0.00000000 
0.00000000 0.55972765539 0.00000000 0.00000000 0.00000000 0.00000000 
0.00000000 0.00000000 0.70992159965 0.00000000 0.00000000 0.00000000 
0.00000000 0.00000000 0.00000000 1.0000000 0.00000000 0.00000000 
0.00000000 0.00000000 0.00000000 0.00000000 1.0000000 0.00000000 
0.00000000 0.00000000 0.00000000 0.00000000 0.00000000 1.0000000 

3232.9589614 765.96442694 246.33940810 92.365283041 60.931321698 
37.199509551 15.172166534 9.4792600646 4.2564686326 1.9729313762 
0.76337108716 0.30943625526 0.11569704458 

0.24885607974D-02 0.00000000 0.00000000 0.00000000 0.00000000 
0.20379007428D-01 0.00000000 0.00000000 0.00000000 0.00000000 
0.96977188584D-01 0.00000000 0.00000000 0.00000000 0.00000000 
0.28199960954 0.00000000 0.00000000 0.00000000 0.00000000 
0.00000000 -0.22173603519D-01 0.00000000 0.00000000 0.00000000 
0.45116254358 0.00000000 0.00000000 0.00000000 0.00000000 
0.24917131496 0.00000000 0.00000000 0.00000000 0.00000000 
0.00000000 0.32838462778 0.00000000 0.00000000 0.00000000 
0.00000000 0.58124997120 0.00000000 0.00000000 0.00000000 
0.00000000 0.32863541783 0.00000000 0.00000000 0.00000000 
0.00000000 0.00000000 1.0000000 0.00000000 0.00000000 
0.00000000 0.00000000 0.00000000 1.0000000 0.00000000 
0.00000000 0.00000000 0.00000000 0.00000000 1.0000000 

186.41760904 55.274124345 20.283219120 8.0884536976 3.2214033853 
1.1952170102 0.6480000 0.2510000 

0.86120284601D-02 0.00000000 0.00000000 0.00000000 
0.60394406304D-01 0.00000000 0.00000000 0.00000000 
0.21181331869 0.00000000 0.00000000 0.00000000 
0.40366293413 0.00000000 0.00000000 0.00000000 
0.42402860686 0.00000000 0.00000000 0.00000000 
0.00000000 .17441742274 0.00000000 0.00000000 
0.00000000 0.00000000 1.0000000 0.00000000 
0.00000000 0.00000000 0.00000000 1.0000000 

0.6280000 

1.0000000 