H:def2-SVP
def2-SVP

  2
    0    1
    2    1
    4    1

13.0107010 1.9622572 0.44453796 0.12194962 

0.19682158D-01 0.00000000 
0.13796524 0.00000000 
0.47831935 0.00000000 
0.00000000 1.0000000 

0.8000000 

1.0000000 

HE:def2-SVP
def2-SVP

  2
    0    1
    2    1
    4    1

38.354936737 5.7689081479 1.2399407035 0.29757815953 

0.23814288905D-01 0.00000000 
0.15490906777 0.00000000 
0.46998096633 0.00000000 
0.00000000 1.0000000 

1.0000000 

1.0000000 

LI:def2-SVP
def2-SVP

  2
    0    1
    3    2
    7    3

266.27785516 40.069783447 9.0559944389 2.4503009051 0.72209571855 
0.52810884721D-01 0.20960948798D-01 

0.64920150325D-02 0.00000000 0.00000000 
0.47747863215D-01 0.00000000 0.00000000 
0.20268796111 0.00000000 0.00000000 
0.48606574817 0.00000000 0.00000000 
0.43626977955 0.00000000 0.00000000 
0.00000000 1.0000000 0.00000000 
0.00000000 0.00000000 1.0000000 

1.4500000 0.3000000 0.0820000 

0.2586000 0.00000000 
1.0000000 0.00000000 
0.00000000 1.0000000 

BE:def2-SVP
def2-SVP

  2
    0    1
    3    2
    7    4

515.18616125 77.511037595 17.552481693 4.8028940596 1.4516214316 
0.13281633620 0.45837372213D-01 

0.55615307983D-02 0.00000000 0.00000000 
0.41190068062D-01 0.00000000 0.00000000 
0.17913378108 0.00000000 0.00000000 
0.44736716455 0.00000000 0.00000000 
0.42009581920 0.00000000 0.00000000 
0.00000000 1.0000000 0.00000000 
0.00000000 0.00000000 1.0000000 

3.6316917145 0.71695694366 0.19541932860 0.60515465890D-01 

-0.29033998305D-01 0.00000000 
-0.16877854032 0.00000000 
-0.51403419628 0.00000000 
0.00000000 1.0000000 

B:def2-SVP
def2-SVP

  3
    0    1    2
    3    2    1
    7    4    1

839.31830086 126.26464843 28.620600763 7.8793722710 2.4088857172 
0.25105109036 0.83648866069D-01 

-0.55929201074D-02 0.00000000 0.00000000 
-0.41565520771D-01 0.00000000 0.00000000 
-0.18299816983 0.00000000 0.00000000 
-0.46540391866 0.00000000 0.00000000 
-0.44173884791 0.00000000 0.00000000 
0.00000000 1.0000000 0.00000000 
0.00000000 0.00000000 1.0000000 

6.0332223619 1.2499157866 0.33871676350 0.96415632351D-01 

-0.35603672456D-01 0.00000000 
-0.19895775769 0.00000000 
-0.50850202618 0.00000000 
0.00000000 1.0000000 

0.5000000 

1.0000000 

C:def2-SVP
def2-SVP

  3
    0    1    2
    3    2    1
    7    4    1

1238.4016938 186.29004992 42.251176346 11.676557932 3.5930506482 
0.40245147363 0.13090182668 

0.54568832082D-02 0.00000000 0.00000000 
0.40638409211D-01 0.00000000 0.00000000 
0.18025593888 0.00000000 0.00000000 
0.46315121755 0.00000000 0.00000000 
0.44087173314 0.00000000 0.00000000 
0.00000000 1.0000000 0.00000000 
0.00000000 0.00000000 1.0000000 

9.4680970621 2.0103545142 0.54771004707 0.15268613795 

0.38387871728D-01 0.00000000 
0.21117025112 0.00000000 
0.51328172114 0.00000000 
0.00000000 1.0000000 

0.8000000 

1.0000000 

N:def2-SVP
def2-SVP

  3
    0    1    2
    3    2    1
    7    4    1

1712.8415853 257.64812677 58.458245853 16.198367905 5.0052600809 
0.58731856571 0.18764592253 

-0.53934125305D-02 0.00000000 0.00000000 
-0.40221581118D-01 0.00000000 0.00000000 
-0.17931144990 0.00000000 0.00000000 
-0.46376317823 0.00000000 0.00000000 
-0.44171422662 0.00000000 0.00000000 
0.00000000 1.0000000 0.00000000 
0.00000000 0.00000000 1.0000000 

13.571470233 2.9257372874 0.79927750754 0.21954348034 

-0.40072398852D-01 0.00000000 
-0.21807045028 0.00000000 
-0.51294466049 0.00000000 
0.00000000 1.0000000 

1.0000000 

1.0000000 

O:def2-SVP
def2-SVP

  3
    0    1    2
    3    2    1
    7    4    1

2266.1767785 340.87010191 77.363135167 21.479644940 6.6589433124 
0.80975975668 0.25530772234 

-0.53431809926D-02 0.00000000 0.00000000 
-0.39890039230D-01 0.00000000 0.00000000 
-0.17853911985 0.00000000 0.00000000 
-0.46427684959 0.00000000 0.00000000 
-0.44309745172 0.00000000 0.00000000 
0.00000000 1.0000000 0.00000000 
0.00000000 0.00000000 1.0000000 

17.721504317 3.8635505440 1.0480920883 0.27641544411 

0.43394573193D-01 0.00000000 
0.23094120765 0.00000000 
0.51375311064 0.00000000 
0.00000000 1.0000000 

1.2000000 

1.0000000 

F:def2-SVP
def2-SVP

  3
    0    1    2
    3    2    1
    7    4    1

2894.8325990 435.41939120 98.843328866 27.485198001 8.5405498171 
1.0654578038 0.33247346748 

-0.53408255515D-02 0.00000000 0.00000000 
-0.39904258866D-01 0.00000000 0.00000000 
-0.17912768038 0.00000000 0.00000000 
-0.46758090825 0.00000000 0.00000000 
-0.44653131020 0.00000000 0.00000000 
0.00000000 1.0000000 0.00000000 
0.00000000 0.00000000 1.0000000 

22.696633924 4.9872339257 1.3491613954 0.34829881977 

-0.45212874436D-01 0.00000000 
-0.23754317067 0.00000000 
-0.51287353587 0.00000000 
0.00000000 1.0000000 

1.4000000 

1.0000000 

NE:def2-SVP
def2-SVP

  3
    0    1    2
    3    2    1
    7    4    1

3598.9736625 541.32073112 122.90450062 34.216617022 10.650584124 
1.3545953960 0.41919362639 

-0.53259297003D-02 0.00000000 0.00000000 
-0.39817417969D-01 0.00000000 0.00000000 
-0.17914358188 0.00000000 0.00000000 
-0.46893582977 0.00000000 0.00000000 
-0.44782537577 0.00000000 0.00000000 
0.00000000 1.0000000 0.00000000 
0.00000000 0.00000000 1.0000000 

28.424053785 6.2822510953 1.6978715079 0.43300700172 

-0.46031944795D-01 0.00000000 
-0.23993183041 0.00000000 
-0.50871724964 0.00000000 
0.00000000 1.0000000 

1.8880000 

1.0000000 

NA:def2-SVP
def2-SVP

  3
    0    1    2
    4    2    1
   10    6    1

4098.2003908 616.49374031 139.96644001 39.073441051 11.929847205 
20.659966030 1.9838860978 0.64836323942 0.52443967404D-01 0.28048160742D-01 

-0.58535911879D-02 0.00000000 0.00000000 0.00000000 
-0.43647161872D-01 0.00000000 0.00000000 0.00000000 
-0.19431465884 0.00000000 0.00000000 0.00000000 
-0.48685065731 0.00000000 0.00000000 0.00000000 
-0.41881705137 0.00000000 0.00000000 0.00000000 
0.00000000 0.85949689854D-01 0.00000000 0.00000000 
0.00000000 -0.56359144041 0.00000000 0.00000000 
0.00000000 -0.51954009048 0.00000000 0.00000000 
0.00000000 0.00000000 1.0000000 0.00000000 
0.00000000 0.00000000 0.00000000 1.0000000 

75.401862017 17.274818978 5.1842347425 1.6601211973 0.51232528958 
0.0520000 

0.154353625324D-01 0.00000000 
0.997382931840D-01 0.00000000 
0.312095939659 0.00000000 
0.492956748074 0.00000000 
0.324203983180 0.00000000 
0.00000000 1.0000000 

0.1310000 

1.0000000 

MG:def2-SVP
def2-SVP

  3
    0    1    2
    4    3    1
   10    7    1

4953.8339196 745.18044154 169.21604972 47.300672019 14.461336973 
24.768174789 2.4940945349 0.87807584533 0.87212782497D-01 0.33599293780D-01 

-0.57778967498D-02 0.00000000 0.00000000 0.00000000 
-0.43124761082D-01 0.00000000 0.00000000 0.00000000 
-0.19268216987 0.00000000 0.00000000 0.00000000 
-0.48641439116 0.00000000 0.00000000 0.00000000 
-0.42550894077 0.00000000 0.00000000 0.00000000 
0.00000000 0.87956969984D-01 0.00000000 0.00000000 
0.00000000 -0.55165058128 0.00000000 0.00000000 
0.00000000 -0.53443294833 0.00000000 0.00000000 
0.00000000 0.00000000 1.0000000 0.00000000 
0.00000000 0.00000000 0.00000000 1.0000000 

98.053010494 22.586932277 6.8391509842 2.2332843818 0.71606599387 
0.18914796195 0.53768755187D-01 

-0.14480564601D-01 0.00000000 0.00000000 
-0.95495750787D-01 0.00000000 0.00000000 
-0.30787672651 0.00000000 0.00000000 
-0.49936292886 0.00000000 0.00000000 
-0.31503476213 0.00000000 0.00000000 
0.00000000 1.0000000 0.00000000 
0.00000000 0.00000000 1.0000000 

0.1010000 

1.0000000 

AL:def2-SVP
def2-SVP

  3
    0    1    2
    4    3    1
   10    7    1

5887.5727030 885.61225996 201.13604899 56.284974674 17.229551243 
29.340249922 3.0439630420 1.1285539518 0.14234175160 0.54400192313D-01 

0.13483347987D-02 0.00000000 0.00000000 0.00000000 
0.10071576809D-01 0.00000000 0.00000000 0.00000000 
0.45132454056D-01 0.00000000 0.00000000 0.00000000 
0.11461268043 0.00000000 0.00000000 0.00000000 
0.10159608943 0.00000000 0.00000000 0.00000000 
0.00000000 0.69347454208D-01 0.00000000 0.00000000 
0.00000000 -0.42528117679 0.00000000 0.00000000 
0.00000000 -0.41449832210 0.00000000 0.00000000 
0.00000000 0.00000000 1.0000000 0.00000000 
0.00000000 0.00000000 0.00000000 1.0000000 

145.11918809 33.717894833 10.369863083 3.5135616036 1.1980050273 
0.26583005913 0.71003361994D-01 

0.63963373134D-02 0.00000000 0.00000000 
0.44189359965D-01 0.00000000 0.00000000 
0.15581575993 0.00000000 0.00000000 
0.28635286951 0.00000000 0.00000000 
0.22921423248 0.00000000 0.00000000 
0.00000000 1.0000000 0.00000000 
0.00000000 0.00000000 1.0000000 

0.3000000 

1.0000000 

SI:def2-SVP
def2-SVP

  3
    0    1    2
    4    3    1
   10    7    1

6903.7118686 1038.4346419 235.87581480 66.069385169 20.247945761 
34.353481730 3.6370788192 1.4002048599 0.20484414805 0.77994095468D-01 

0.13373962995D-02 0.00000000 0.00000000 0.00000000 
0.99966546241D-02 0.00000000 0.00000000 0.00000000 
0.44910165101D-01 0.00000000 0.00000000 0.00000000 
0.11463638540 0.00000000 0.00000000 0.00000000 
0.10280063858 0.00000000 0.00000000 0.00000000 
0.00000000 0.70837285010D-01 0.00000000 0.00000000 
0.00000000 -0.43028836252 0.00000000 0.00000000 
0.00000000 -0.41382774969 0.00000000 0.00000000 
0.00000000 0.00000000 1.0000000 0.00000000 
0.00000000 0.00000000 0.00000000 1.0000000 

179.83907373 41.907258846 12.955294367 4.4383267393 1.5462247904 
0.35607612302 0.10008513762 

0.61916656462D-02 0.00000000 0.00000000 
0.43399431982D-01 0.00000000 0.00000000 
0.15632019351 0.00000000 0.00000000 
0.29419996982 0.00000000 0.00000000 
0.23536823814 0.00000000 0.00000000 
0.00000000 1.0000000 0.00000000 
0.00000000 0.00000000 1.0000000 

0.3500000 

1.0000000 

P:def2-SVP
def2-SVP

  3
    0    1    2
    4    3    1
   10    7    1

8002.4795106 1203.6813590 273.44227031 76.655541517 23.516927435 
39.791683439 4.2770343323 1.6940256888 0.27567674644 0.10495590099 

0.57503489302D-02 0.00000000 0.00000000 0.00000000 
0.43007628959D-01 0.00000000 0.00000000 0.00000000 
0.19363986252 0.00000000 0.00000000 0.00000000 
0.49651693399 0.00000000 0.00000000 0.00000000 
0.44983262479 0.00000000 0.00000000 0.00000000 
0.00000000 0.95188129789D-01 0.00000000 0.00000000 
0.00000000 -0.57649840368 0.00000000 0.00000000 
0.00000000 -0.54239583865 0.00000000 0.00000000 
0.00000000 0.00000000 1.0000000 0.00000000 
0.00000000 0.00000000 0.00000000 1.0000000 

219.50755823 51.274155030 15.921595892 5.5069913481 1.9537719426 
0.47803397932 0.13657952621 

0.92100565257D-02 0.00000000 0.00000000 
0.65409765745D-01 0.00000000 0.00000000 
0.24033730279 0.00000000 0.00000000 
0.46318321788 0.00000000 0.00000000 
0.37392563382 0.00000000 0.00000000 
0.00000000 1.0000000 0.00000000 
0.00000000 0.00000000 1.0000000 

0.4500000 

1.0000000 

S:def2-SVP
def2-SVP

  3
    0    1    2
    4    3    1
   10    7    1

9184.9303010 1381.5105503 313.87147580 88.053870623 27.039914905 
45.648731303 4.9664522326 2.0116242047 0.35661077013 0.13507221477 

-0.22294387756D-02 0.00000000 0.00000000 0.00000000 
-0.16683029937D-01 0.00000000 0.00000000 0.00000000 
-0.75262436116D-01 0.00000000 0.00000000 0.00000000 
-0.19376827038 0.00000000 0.00000000 0.00000000 
-0.17718020803 0.00000000 0.00000000 0.00000000 
0.00000000 -0.10736062573 0.00000000 0.00000000 
0.00000000 0.65066293018 0.00000000 0.00000000 
0.00000000 0.59712155354 0.00000000 0.00000000 
0.00000000 0.00000000 1.0000000 0.00000000 
0.00000000 0.00000000 0.00000000 1.0000000 

261.98233439 61.306894736 19.103729887 6.6567720378 2.3959635161 
0.61776161679 0.16993376871 

-0.92729929822D-02 0.00000000 0.00000000 
-0.66547669241D-01 0.00000000 0.00000000 
-0.24828595903 0.00000000 0.00000000 
-0.48703847402 0.00000000 0.00000000 
-0.39337850312 0.00000000 0.00000000 
0.00000000 1.0000000 0.00000000 
0.00000000 0.00000000 1.0000000 

0.5500000 

1.0000000 

CL:def2-SVP
def2-SVP

  3
    0    1    2
    4    3    1
   10    7    1

10449.8275660 1571.7365221 357.12065523 100.25185935 30.812727554 
51.923789434 5.7045760975 2.3508376809 0.44605124672 0.16848856190 

0.19708362484D-02 0.00000000 0.00000000 0.00000000 
0.14754727977D-01 0.00000000 0.00000000 0.00000000 
0.66679112875D-01 0.00000000 0.00000000 0.00000000 
0.17228924084 0.00000000 0.00000000 0.00000000 
0.15883786100 0.00000000 0.00000000 0.00000000 
0.00000000 -0.10009298909 0.00000000 0.00000000 
0.00000000 0.60841752753 0.00000000 0.00000000 
0.00000000 0.54352153355 0.00000000 0.00000000 
0.00000000 0.00000000 1.0000000 0.00000000 
0.00000000 0.00000000 0.00000000 1.0000000 

307.66790569 72.102015515 22.532680262 7.8991765444 2.8767268321 
0.77459363955 0.21037699698 

-0.87801484118D-02 0.00000000 0.00000000 
-0.63563355471D-01 0.00000000 0.00000000 
-0.24016428276 0.00000000 0.00000000 
-0.47798866557 0.00000000 0.00000000 
-0.38515850005 0.00000000 0.00000000 
0.00000000 1.0000000 0.00000000 
0.00000000 0.00000000 1.0000000 

0.6500000 

1.0000000 

AR:def2-SVP
def2-SVP

  3
    0    1    2
    4    3    1
   10    7    1

11797.1197650 1774.3522753 403.18875733 113.24933999 34.835298193 
58.614775042 6.4922045078 2.7117014403 0.54412974538 0.20517411136 

0.20214479973D-02 0.00000000 0.00000000 0.00000000 
0.15139852688D-01 0.00000000 0.00000000 0.00000000 
0.68525400873D-01 0.00000000 0.00000000 0.00000000 
0.17762929207 0.00000000 0.00000000 0.00000000 
0.16496495001 0.00000000 0.00000000 0.00000000 
0.00000000 -0.10343394000 0.00000000 0.00000000 
0.00000000 0.63133365899 0.00000000 0.00000000 
0.00000000 0.54887572301 0.00000000 0.00000000 
0.00000000 0.00000000 1.0000000 0.00000000 
0.00000000 0.00000000 0.00000000 1.0000000 

356.28707256 83.593132866 26.186704029 9.2257275925 3.3922754954 
0.94740534010 0.25659135062 

-0.87321783271D-02 0.00000000 0.00000000 
-0.63680317444D-01 0.00000000 0.00000000 
-0.24311906886 0.00000000 0.00000000 
-0.48956069653 0.00000000 0.00000000 
-0.39229190040 0.00000000 0.00000000 
0.00000000 1.0000000 0.00000000 
0.00000000 0.00000000 1.0000000 

0.6960000 

1.0000000 

K:def2-SVP
def2-SVP

  3
    0    1    2
    5    3    2
   14    9    2

31478.7467640 4726.8876066 1075.4345353 303.39811023 98.327112831 
33.636222177 65.639209962 7.3162592218 2.8902580135 4.5459748965 
0.70404124062 0.28266888959 0.29058164020D-01 0.12111638157D-01 

0.39838653994D-02 0.00000000 0.00000000 0.00000000 0.00000000 
0.30501759762D-01 0.00000000 0.00000000 0.00000000 0.00000000 
0.15073752622 0.00000000 0.00000000 0.00000000 0.00000000 
0.51912939801 0.00000000 0.00000000 0.00000000 0.00000000 
1.0366957005 0.00000000 0.00000000 0.00000000 0.00000000 
0.76398963199 0.00000000 0.00000000 0.00000000 0.00000000 
0.00000000 -0.28242617106 0.00000000 0.00000000 0.00000000 
0.00000000 1.6914935860 0.00000000 0.00000000 0.00000000 
0.00000000 1.2965331953 0.00000000 0.00000000 0.00000000 
0.00000000 0.00000000 -0.76343555273D-02 0.00000000 0.00000000 
0.00000000 0.00000000 0.25635718960D-01 0.00000000 0.00000000 
0.00000000 0.00000000 0.16606859208D-01 0.00000000 0.00000000 
0.00000000 0.00000000 0.00000000 1.0000000 0.00000000 
0.00000000 0.00000000 0.00000000 0.00000000 1.0000000 

361.22492154 84.670222166 26.469088236 9.2658077615 3.3423388293 
1.5100876104 0.56568375163 0.20817008495 0.0417370 

0.20906479823D-01 0.00000000 0.00000000 
0.15043641740 0.00000000 0.00000000 
0.55440061077 0.00000000 0.00000000 
1.0409009991 0.00000000 0.00000000 
0.67825341194 0.00000000 0.00000000 
0.00000000 0.75248191146 0.00000000 
0.00000000 1.3708585031 0.00000000 
0.00000000 0.66047633079 0.00000000 
0.00000000 0.00000000 1.0000000 

0.3530000 0.0980000 

1.0000000 0.00000000 
0.00000000 1.0000000 

CA:def2-SVP
def2-SVP

  3
    0    1    2
    5    3    2
   14    9    4

35138.7139290 5276.4111348 1200.4692589 338.71810542 109.85385922 
37.608880299 73.107977555 8.2407705688 3.2959812993 5.2341800914 
0.84187220515 0.36510294029 0.51222402884D-01 0.19825111408D-01 

0.39482520740D-02 0.00000000 0.00000000 0.00000000 0.00000000 
0.30234243552D-01 0.00000000 0.00000000 0.00000000 0.00000000 
0.14952019681 0.00000000 0.00000000 0.00000000 0.00000000 
0.51597345713 0.00000000 0.00000000 0.00000000 0.00000000 
1.0339510296 0.00000000 0.00000000 0.00000000 0.00000000 
0.76937933526 0.00000000 0.00000000 0.00000000 0.00000000 
0.00000000 -0.28268525011 0.00000000 0.00000000 0.00000000 
0.00000000 1.6796092142 0.00000000 0.00000000 0.00000000 
0.00000000 1.2803766016 0.00000000 0.00000000 0.00000000 
0.00000000 0.00000000 -0.76868604561D-02 0.00000000 0.00000000 
0.00000000 0.00000000 0.25382375978D-01 0.00000000 0.00000000 
0.00000000 0.00000000 0.16512171511D-01 0.00000000 0.00000000 
0.00000000 0.00000000 0.00000000 1.0000000 0.00000000 
0.00000000 0.00000000 0.00000000 0.00000000 1.0000000 

413.11313893 96.935786224 30.372154659 10.684776830 3.8821258350 
1.7993016295 0.69189056530 0.26364024096 0.0749790 

0.20327135354D-01 0.00000000 0.00000000 
0.14730276362 0.00000000 0.00000000 
0.54887167322 0.00000000 0.00000000 
1.0440659818 0.00000000 0.00000000 
0.68653490684 0.00000000 0.00000000 
0.00000000 0.75410246871 0.00000000 
0.00000000 1.3409296599 0.00000000 
0.00000000 0.56391989435 0.00000000 
0.00000000 0.00000000 1.0000000 

5.4979093879 1.3177128032 0.32188682649 0.70528614919D-01 

0.73770011433D-01 0.00000000 
0.26052853169 0.00000000 
0.45233836380 0.00000000 
0.00000000 1.0000000 

SC:def2-SVP
def2-SVP

  4
    0    1    2    3
    5    3    2    1
   14    9    5    1

38956.0818040 5849.5733637 1330.8813154 375.55534165 121.87261370 
41.760243729 81.060633953 9.2059823972 3.7063215732 5.9888909988 
0.97363432378 0.42041019223 0.59440551913D-01 0.22897806303D-01 

0.39293205858D-02 0.00000000 0.00000000 0.00000000 0.00000000 
0.30093221229D-01 0.00000000 0.00000000 0.00000000 0.00000000 
0.14890370950 0.00000000 0.00000000 0.00000000 0.00000000 
0.51464282906 0.00000000 0.00000000 0.00000000 0.00000000 
1.0337708070 0.00000000 0.00000000 0.00000000 0.00000000 
0.77436851627 0.00000000 0.00000000 0.00000000 0.00000000 
0.00000000 -0.28318552316 0.00000000 0.00000000 0.00000000 
0.00000000 1.6770806984 0.00000000 0.00000000 0.00000000 
0.00000000 1.2594733678 0.00000000 0.00000000 0.00000000 
0.00000000 0.00000000 -0.77821367493D-02 0.00000000 0.00000000 
0.00000000 0.00000000 0.25499692745D-01 0.00000000 0.00000000 
0.00000000 0.00000000 0.16191560820D-01 0.00000000 0.00000000 
0.00000000 0.00000000 0.00000000 1.0000000 0.00000000 
0.00000000 0.00000000 0.00000000 0.00000000 1.0000000 

466.31481262 109.51217097 34.375921827 12.142096955 4.4336767669 
2.0971291866 0.80977606956 0.30834046588 0.0897480 

0.19984300385D-01 0.00000000 0.00000000 
0.14561043072 0.00000000 0.00000000 
0.54687466223 0.00000000 0.00000000 
1.0479006012 0.00000000 0.00000000 
0.68894890327 0.00000000 0.00000000 
0.00000000 0.75619214724 0.00000000 
0.00000000 1.3178212235 0.00000000 
0.00000000 0.54312268173 0.00000000 
0.00000000 0.00000000 1.0000000 

19.240334928 5.1178995899 1.6554278827 0.54016355610 0.16211214518 

0.27039082144D-01 0.00000000 
0.13803684743 0.00000000 
0.34869086403 0.00000000 
0.48594185717 0.00000000 
0.00000000 .34374449689 

0.3450000 

1.0000000 

TI:def2-SVP
def2-SVP

  4
    0    1    2    3
    5    3    2    1
   14    9    5    1

42961.5121850 6450.9759169 1467.7210915 414.20997355 134.48715840 
46.122209796 89.447762543 10.223346060 4.1353774271 6.7896181452 
1.1106730691 0.47565975578 0.65986956934D-01 0.25210342250D-01 

0.39127635355D-02 0.00000000 0.00000000 0.00000000 0.00000000 
0.29969820489D-01 0.00000000 0.00000000 0.00000000 0.00000000 
0.14836352707 0.00000000 0.00000000 0.00000000 0.00000000 
0.51347285324 0.00000000 0.00000000 0.00000000 0.00000000 
1.0335365483 0.00000000 0.00000000 0.00000000 0.00000000 
0.77854233930 0.00000000 0.00000000 0.00000000 0.00000000 
0.00000000 -0.28385401259 0.00000000 0.00000000 0.00000000 
0.00000000 1.6772785333 0.00000000 0.00000000 0.00000000 
0.00000000 1.2411928456 0.00000000 0.00000000 0.00000000 
0.00000000 0.00000000 -0.78399994518D-02 0.00000000 0.00000000 
0.00000000 0.00000000 0.25495493019D-01 0.00000000 0.00000000 
0.00000000 0.00000000 0.16061172892D-01 0.00000000 0.00000000 
0.00000000 0.00000000 0.00000000 1.0000000 0.00000000 
0.00000000 0.00000000 0.00000000 0.00000000 1.0000000 

522.03684782 122.68649489 38.572903611 13.672169319 5.0118529359 
2.4131928282 0.93252270050 0.35429058390 0.1015610 

0.19754179642D-01 0.00000000 0.00000000 
0.14460677619 0.00000000 0.00000000 
0.54669004165 0.00000000 0.00000000 
1.0531647540 0.00000000 0.00000000 
0.69111213363 0.00000000 0.00000000 
0.00000000 0.75803437136 0.00000000 
0.00000000 1.3036241399 0.00000000 
0.00000000 0.53638653300 0.00000000 
0.00000000 0.00000000 1.0000000 

23.465125957 6.3332593832 2.0766489946 0.69027361954 0.21088738554 

0.26536380115D-01 0.00000000 
0.13796453963 0.00000000 
0.35312644228 0.00000000 
0.48647124166 0.00000000 
0.00000000 .33026314258 

0.5620000 

1.0000000 

V:def2-SVP
def2-SVP

  4
    0    1    2    3
    5    3    2    1
   14    9    5    1

47160.3760600 7081.4110871 1611.1621223 454.72940551 147.71321208 
50.699538950 98.262492669 11.294293099 4.5853360105 7.6359689588 
1.2539836689 0.53271935387 0.72246239566D-01 0.27358087448D-01 

0.14498688908D-02 0.00000000 0.00000000 0.00000000 0.00000000 
0.11106435251D-01 0.00000000 0.00000000 0.00000000 0.00000000 
0.55005423585D-01 0.00000000 0.00000000 0.00000000 0.00000000 
0.19060252591 0.00000000 0.00000000 0.00000000 0.00000000 
0.38435022957 0.00000000 0.00000000 0.00000000 0.00000000 
0.29095546792 0.00000000 0.00000000 0.00000000 0.00000000 
0.00000000 -0.10942337856 0.00000000 0.00000000 0.00000000 
0.00000000 0.64539490399 0.00000000 0.00000000 0.00000000 
0.00000000 0.47117880777 0.00000000 0.00000000 0.00000000 
0.00000000 0.00000000 -0.22454949054 0.00000000 0.00000000 
0.00000000 0.00000000 0.72594852764 0.00000000 0.00000000 
0.00000000 0.00000000 0.45560582748 0.00000000 0.00000000 
0.00000000 0.00000000 0.00000000 1.0000000 0.00000000 
0.00000000 0.00000000 0.00000000 0.00000000 1.0000000 

580.55044988 136.52341127 42.983958820 15.282798763 5.6202495154 
2.7485386415 1.0618550073 0.40235518645 0.1112480 

0.97315110917D-02 0.00000000 0.00000000 
0.71531241137D-01 0.00000000 0.00000000 
0.27197688414 0.00000000 0.00000000 
0.52618988893 0.00000000 0.00000000 
0.34452533498 0.00000000 0.00000000 
0.00000000 0.34040396496 0.00000000 
0.00000000 0.57983996120 0.00000000 
0.00000000 0.23911643083 0.00000000 
0.00000000 0.00000000 1.0000000 

27.358434017 7.4540604253 2.4633917847 0.82480925277 0.25257904742 

0.26641927050D-01 0.00000000 
0.13995311726 0.00000000 
0.35751066639 0.00000000 
0.48488354148 0.00000000 
0.00000000 .32332844995 

0.8310000 

1.0000000 

CR:def2-SVP
def2-SVP

  4
    0    1    2    3
    5    3    2    1
   14    9    5    1

51528.0863490 7737.2103487 1760.3748470 496.87706544 161.46520598 
55.466352268 107.54732999 12.408671897 5.0423628826 8.5461640165 
1.3900441221 0.56066602876 0.71483705972D-01 0.28250687604D-01 

0.14405823106D-02 0.00000000 0.00000000 0.00000000 0.00000000 
0.11036202287D-01 0.00000000 0.00000000 0.00000000 0.00000000 
0.54676651806D-01 0.00000000 0.00000000 0.00000000 0.00000000 
0.18965038103 0.00000000 0.00000000 0.00000000 0.00000000 
0.38295412850 0.00000000 0.00000000 0.00000000 0.00000000 
0.29090050668 0.00000000 0.00000000 0.00000000 0.00000000 
0.00000000 -0.10932281100 0.00000000 0.00000000 0.00000000 
0.00000000 0.64472599471 0.00000000 0.00000000 0.00000000 
0.00000000 0.46262712560 0.00000000 0.00000000 0.00000000 
0.00000000 0.00000000 -0.22711013286 0.00000000 0.00000000 
0.00000000 0.00000000 0.73301527591 0.00000000 0.00000000 
0.00000000 0.00000000 0.44225565433 0.00000000 0.00000000 
0.00000000 0.00000000 0.00000000 1.0000000 0.00000000 
0.00000000 0.00000000 0.00000000 0.00000000 1.0000000 

640.48536096 150.69711194 47.503755296 16.934120165 6.2409680590 
3.0885463206 1.1791047769 0.43369774432 0.1206750 

0.96126715203D-02 0.00000000 0.00000000 
0.70889834655D-01 0.00000000 0.00000000 
0.27065258990 0.00000000 0.00000000 
0.52437343414 0.00000000 0.00000000 
0.34107994714 0.00000000 0.00000000 
0.00000000 0.33973986903 0.00000000 
0.00000000 0.57272062927 0.00000000 
0.00000000 0.24582728206 0.00000000 
0.00000000 0.00000000 1.0000000 

27.559479426 7.4687020327 2.4345903574 0.78244754808 0.21995774311 

0.30612488044D-01 0.00000000 
0.15593270944 0.00000000 
0.36984421276 0.00000000 
0.47071118077 0.00000000 
0.00000000 .33941649889 

1.1470000 

1.0000000 

MN:def2-SVP
def2-SVP

  4
    0    1    2    3
    5    3    2    1
   14    9    5    1

56137.0090370 8429.2063943 1917.8277233 541.36230198 176.00069142 
60.500477010 117.17282882 13.596973368 5.5483996341 9.4662853530 
1.5595006070 0.65230205868 0.84003734475D-01 0.31256098581D-01 

0.14321304702D-02 0.00000000 0.00000000 0.00000000 0.00000000 
0.10972509162D-01 0.00000000 0.00000000 0.00000000 0.00000000 
0.54382468712D-01 0.00000000 0.00000000 0.00000000 0.00000000 
0.18884335129 0.00000000 0.00000000 0.00000000 0.00000000 
0.38198025054 0.00000000 0.00000000 0.00000000 0.00000000 
0.29156772596 0.00000000 0.00000000 0.00000000 0.00000000 
0.00000000 -0.10933661328 0.00000000 0.00000000 0.00000000 
0.00000000 0.64305039431 0.00000000 0.00000000 0.00000000 
0.00000000 0.45848970584 0.00000000 0.00000000 0.00000000 
0.00000000 0.00000000 -0.22538977259 0.00000000 0.00000000 
0.00000000 0.00000000 0.72307758657 0.00000000 0.00000000 
0.00000000 0.00000000 0.45300721536 0.00000000 0.00000000 
0.00000000 0.00000000 0.00000000 1.0000000 0.00000000 
0.00000000 0.00000000 0.00000000 0.00000000 1.0000000 

706.00497535 166.19728820 52.452061906 18.746932862 6.9282991622 
3.4772204938 1.3406906449 0.50498803038 0.1276500 

0.95055518167D-02 0.00000000 0.00000000 
0.70356271142D-01 0.00000000 0.00000000 
0.27005556982 0.00000000 0.00000000 
0.52574344602 0.00000000 0.00000000 
0.34254033223 0.00000000 0.00000000 
0.00000000 0.33994073736 0.00000000 
0.00000000 0.57203836254 0.00000000 
0.00000000 0.23847605831 0.00000000 
0.00000000 0.00000000 1.0000000 

35.423264935 9.7814221451 3.2673488767 1.1026472189 0.33743205934 

0.26985304111D-01 0.00000000 
0.14383458648 0.00000000 
0.36418958377 0.00000000 
0.48152670661 0.00000000 
0.00000000 .31458754360 

1.3260000 

1.0000000 

FE:def2-SVP
def2-SVP

  4
    0    1    2    3
    5    3    2    1
   14    9    5    1

60923.6406430 9147.8893982 2081.3505927 587.55977067 191.09043990 
65.732730112 127.25891928 14.830913010 6.0653307408 10.449943710 
1.7245228003 0.71772177325 0.91449828308D-01 0.33706691021D-01 

0.14302254466D-02 0.00000000 0.00000000 0.00000000 0.00000000 
0.10958790038D-01 0.00000000 0.00000000 0.00000000 0.00000000 
0.54332554248D-01 0.00000000 0.00000000 0.00000000 0.00000000 
0.18884995009 0.00000000 0.00000000 0.00000000 0.00000000 
0.38253069946 0.00000000 0.00000000 0.00000000 0.00000000 
0.29308335984 0.00000000 0.00000000 0.00000000 0.00000000 
0.00000000 -0.10964564925 0.00000000 0.00000000 0.00000000 
0.00000000 0.64387631332 0.00000000 0.00000000 0.00000000 
0.00000000 0.45472347323 0.00000000 0.00000000 0.00000000 
0.00000000 0.00000000 -0.22539639952 0.00000000 0.00000000 
0.00000000 0.00000000 0.72164398156 0.00000000 0.00000000 
0.00000000 0.00000000 0.44985492922 0.00000000 0.00000000 
0.00000000 0.00000000 0.00000000 1.0000000 0.00000000 
0.00000000 0.00000000 0.00000000 0.00000000 1.0000000 

773.43750995 182.15149714 57.547272758 20.614988935 7.6348557890 
3.8719327990 1.4924724132 0.56061284958 0.1349150 

0.94325735144D-02 0.00000000 0.00000000 
0.70029620575D-01 0.00000000 0.00000000 
0.26993651996 0.00000000 0.00000000 
0.52700011047 0.00000000 0.00000000 
0.34284148028 0.00000000 0.00000000 
0.00000000 0.33974402988 0.00000000 
0.00000000 0.56842594005 0.00000000 
0.00000000 0.23649365839 0.00000000 
0.00000000 0.00000000 1.0000000 

38.968133419 10.800067078 3.6136457999 1.2129967888 0.36524393170 

0.27879664382D-01 0.00000000 
0.14858319982 0.00000000 
0.36905479496 0.00000000 
0.47745100883 0.00000000 
0.00000000 .31418142304 

1.5980000 

1.0000000 

CO:def2-SVP
def2-SVP

  4
    0    1    2    3
    5    3    2    1
   14    9    5    1

65902.2082570 9895.3896027 2251.4305789 635.61097084 206.78820681 
71.179242971 137.77268040 16.118079243 6.6030327710 11.479915788 
1.8956426324 0.78466232067 0.98425774432D-01 0.35945741932D-01 

0.14284614936D-02 0.00000000 0.00000000 0.00000000 0.00000000 
0.10946072783D-01 0.00000000 0.00000000 0.00000000 0.00000000 
0.54285953890D-01 0.00000000 0.00000000 0.00000000 0.00000000 
0.18885179079 0.00000000 0.00000000 0.00000000 0.00000000 
0.38301634994 0.00000000 0.00000000 0.00000000 0.00000000 
0.29443551266 0.00000000 0.00000000 0.00000000 0.00000000 
0.00000000 -0.10990221736 0.00000000 0.00000000 0.00000000 
0.00000000 0.64455537395 0.00000000 0.00000000 0.00000000 
0.00000000 0.45116787924 0.00000000 0.00000000 0.00000000 
0.00000000 0.00000000 -0.22593846910 0.00000000 0.00000000 
0.00000000 0.00000000 0.72231409008 0.00000000 0.00000000 
0.00000000 0.00000000 0.44903812296 0.00000000 0.00000000 
0.00000000 0.00000000 0.00000000 1.0000000 0.00000000 
0.00000000 0.00000000 0.00000000 0.00000000 1.0000000 

843.64358575 198.76386994 62.854963098 22.562842280 8.3713209127 
4.2858719800 1.6508041817 0.61834231096 0.1413080 

0.93866097254D-02 0.00000000 0.00000000 
0.69880208716D-01 0.00000000 0.00000000 
0.27037070345 0.00000000 0.00000000 
0.52904786880 0.00000000 0.00000000 
0.34357029579 0.00000000 0.00000000 
0.00000000 0.34027999036 0.00000000 
0.00000000 0.56693392384 0.00000000 
0.00000000 0.23617979783 0.00000000 
0.00000000 0.00000000 1.0000000 

42.927867612 11.942533053 4.0046495664 1.3413193804 0.40015009743 

0.28487788365D-01 0.00000000 
0.15206951283 0.00000000 
0.37310913999 0.00000000 
0.47549837676 0.00000000 
0.00000000 .31346831424 

1.9030000 

1.0000000 

NI:def2-SVP
def2-SVP

  4
    0    1    2    3
    5    3    2    1
   14    9    5    1

71074.8032110 10672.0209410 2428.1389007 685.53595148 223.10072863 
76.842014042 148.71122016 17.459154987 7.1625280665 12.556137125 
2.0735740488 0.85382640602 0.10536766271 0.38134087688D-01 

0.14260386729D-02 0.00000000 0.00000000 0.00000000 0.00000000 
0.10928236994D-01 0.00000000 0.00000000 0.00000000 0.00000000 
0.54212626938D-01 0.00000000 0.00000000 0.00000000 0.00000000 
0.18874768902 0.00000000 0.00000000 0.00000000 0.00000000 
0.38324616985 0.00000000 0.00000000 0.00000000 0.00000000 
0.29550637144 0.00000000 0.00000000 0.00000000 0.00000000 
0.00000000 -0.11014443059 0.00000000 0.00000000 0.00000000 
0.00000000 0.64521426988 0.00000000 0.00000000 0.00000000 
0.00000000 0.44797838103 0.00000000 0.00000000 0.00000000 
0.00000000 0.00000000 -0.22645403224 0.00000000 0.00000000 
0.00000000 0.00000000 0.72320959286 0.00000000 0.00000000 
0.00000000 0.00000000 0.44868026476 0.00000000 0.00000000 
0.00000000 0.00000000 0.00000000 1.0000000 0.00000000 
0.00000000 0.00000000 0.00000000 0.00000000 1.0000000 

916.73608662 216.06139913 68.383914817 24.593843952 9.1392960204 
4.7193371746 1.8161849234 0.67840750720 0.1465880 

0.93439635610D-02 0.00000000 0.00000000 
0.69737374902D-01 0.00000000 0.00000000 
0.27073495012 0.00000000 0.00000000 
0.53078301549 0.00000000 0.00000000 
0.34410229438 0.00000000 0.00000000 
0.00000000 0.34076082016 0.00000000 
0.00000000 0.56580169611 0.00000000 
0.00000000 0.23616717361 0.00000000 
0.00000000 0.00000000 1.0000000 

47.093832108 13.146463975 4.4170548925 1.4771565078 0.43735921792 

0.28982316948D-01 0.00000000 
0.15494995950 0.00000000 
0.37633115111 0.00000000 
0.47365096014 0.00000000 
0.00000000 .31247837833 

2.1740000 

1.0000000 

CU:def2-SVP
def2-SVP

  4
    0    1    2    3
    5    3    2    1
   14    9    5    1

76381.3480560 11468.7774990 2609.4246495 736.75033098 239.82419958 
82.656829252 160.13544196 18.834177695 7.7176595741 13.710846717 
2.2349895670 0.87818360069 0.87187458064D-01 0.32969114665D-01 

0.14336079896D-02 0.00000000 0.00000000 0.00000000 0.00000000 
0.10986749865D-01 0.00000000 0.00000000 0.00000000 0.00000000 
0.54513652465D-01 0.00000000 0.00000000 0.00000000 0.00000000 
0.18990128258 0.00000000 0.00000000 0.00000000 0.00000000 
0.38581959211 0.00000000 0.00000000 0.00000000 0.00000000 
0.29790607498 0.00000000 0.00000000 0.00000000 0.00000000 
0.00000000 -0.11146778567 0.00000000 0.00000000 0.00000000 
0.00000000 0.65349301031 0.00000000 0.00000000 0.00000000 
0.00000000 0.44770534421 0.00000000 0.00000000 0.00000000 
0.00000000 0.00000000 -0.22870911122 0.00000000 0.00000000 
0.00000000 0.00000000 0.73464423031 0.00000000 0.00000000 
0.00000000 0.00000000 0.43273070874 0.00000000 0.00000000 
0.00000000 0.00000000 0.00000000 1.0000000 0.00000000 
0.00000000 0.00000000 0.00000000 0.00000000 1.0000000 

991.24075782 233.69376116 74.020930927 26.664967447 9.9192087478 
5.1519553926 1.9638205828 0.71560097037 0.1550650 

0.93878498798D-02 0.00000000 0.00000000 
0.70208282458D-01 0.00000000 0.00000000 
0.27323522220 0.00000000 0.00000000 
0.53580792728 0.00000000 0.00000000 
0.34575794906 0.00000000 0.00000000 
0.00000000 0.34229108083 0.00000000 
0.00000000 0.56456592484 0.00000000 
0.00000000 0.24078584318 0.00000000 
0.00000000 0.00000000 1.0000000 

47.335049590 13.161666077 4.3693777244 1.4132925109 0.38878001452 

0.32375547758D-01 0.00000000 
0.16810218684 0.00000000 
0.38477707982 0.00000000 
0.46147880178 0.00000000 
0.00000000 .32388873258 

2.2330000 

1.0000000 

ZN:def2-SVP
def2-SVP

  4
    0    1    2    3
    5    3    2    1
   14    9    5    1

82000.7116290 12312.4717770 2801.3944193 790.99424302 257.56551079 
88.814933400 171.86353716 20.302534785 8.3464123068 14.847536940 
2.4495029507 0.99845821824 0.11891307937 0.42297428760D-01 

0.14210764000D-02 0.00000000 0.00000000 0.00000000 0.00000000 
0.10891499487D-01 0.00000000 0.00000000 0.00000000 0.00000000 
0.54057188059D-01 0.00000000 0.00000000 0.00000000 0.00000000 
0.18847463904 0.00000000 0.00000000 0.00000000 0.00000000 
0.38346549346 0.00000000 0.00000000 0.00000000 0.00000000 
0.29723794197 0.00000000 0.00000000 0.00000000 0.00000000 
0.00000000 -0.11051849523 0.00000000 0.00000000 0.00000000 
0.00000000 0.64607716984 0.00000000 0.00000000 0.00000000 
0.00000000 0.44220117322 0.00000000 0.00000000 0.00000000 
0.00000000 0.00000000 -0.22705309278 0.00000000 0.00000000 
0.00000000 0.00000000 0.72433217935 0.00000000 0.00000000 
0.00000000 0.00000000 0.44836495592 0.00000000 0.00000000 
0.00000000 0.00000000 0.00000000 1.0000000 0.00000000 
0.00000000 0.00000000 0.00000000 0.00000000 1.0000000 

1071.5185372 252.69712152 80.100829126 28.903393172 10.768899879 
5.6446212530 2.1678291347 0.80540898341 0.1624550 

0.92767797235D-02 0.00000000 0.00000000 
0.69541149434D-01 0.00000000 0.00000000 
0.27156772564 0.00000000 0.00000000 
0.53401355573 0.00000000 0.00000000 
0.34501323446 0.00000000 0.00000000 
0.00000000 0.34129600164 0.00000000 
0.00000000 0.56390521973 0.00000000 
0.00000000 0.23676109735 0.00000000 
0.00000000 0.00000000 1.0000000 

56.088939191 15.751908917 5.3115812367 1.7737904917 0.51975583665 

0.29588869140D-01 0.00000000 
0.158725714045 0.00000000 
0.379762291591 0.00000000 
0.468989591719 0.00000000 
0.00000000 .309071490776 

2.6140000 

1.0000000 

GA:def2-SVP
def2-SVP

  3
    0    1    2
    5    4    3
   14   10    6

87842.1262960 13189.4964020 3000.9482141 847.38425966 276.00980642 
95.216672071 184.00703968 21.827051433 9.0026963761 16.033176938 
2.6707724878 1.1252834170 0.15967608829 0.57643044753D-01 

0.14271588798D-02 0.00000000 0.00000000 0.00000000 0.00000000 
0.10938894097D-01 0.00000000 0.00000000 0.00000000 0.00000000 
0.54308200127D-01 0.00000000 0.00000000 0.00000000 0.00000000 
0.18951055983 0.00000000 0.00000000 0.00000000 0.00000000 
0.38615185918 0.00000000 0.00000000 0.00000000 0.00000000 
0.30051082719 0.00000000 0.00000000 0.00000000 0.00000000 
0.00000000 -0.11124461963 0.00000000 0.00000000 0.00000000 
0.00000000 0.64831322918 0.00000000 0.00000000 0.00000000 
0.00000000 0.44358383594 0.00000000 0.00000000 0.00000000 
0.00000000 0.00000000 -0.23014299555 0.00000000 0.00000000 
0.00000000 0.00000000 0.72946861516 0.00000000 0.00000000 
0.00000000 0.00000000 0.46214976951 0.00000000 0.00000000 
0.00000000 0.00000000 0.00000000 1.0000000 0.00000000 
0.00000000 0.00000000 0.00000000 0.00000000 1.0000000 

1167.2665844 275.38062789 87.375073070 31.597254670 11.824122798 
6.2881845133 2.5199853240 1.0169726306 0.24748373604 0.66685294163D-01 

0.90974021307D-02 0.00000000 0.00000000 0.00000000 
0.68456273343D-01 0.00000000 0.00000000 0.00000000 
0.26922293888 0.00000000 0.00000000 0.00000000 
0.53507897882 0.00000000 0.00000000 0.00000000 
0.35279062760 0.00000000 0.00000000 0.00000000 
0.00000000 0.33938244530 0.00000000 0.00000000 
0.00000000 0.56871947608 0.00000000 0.00000000 
0.00000000 0.27717694939 0.00000000 0.00000000 
0.00000000 0.00000000 1.0000000 0.00000000 
0.00000000 0.00000000 0.00000000 1.0000000 

65.354237674 18.504656747 6.3179620632 2.1641389426 0.66693092754 
0.2070000 

0.27370146382D-01 0.00000000 0.00000000 
0.15099463976 0.00000000 0.00000000 
0.37485328545 0.00000000 0.00000000 
0.47510606851 0.00000000 0.00000000 
0.00000000 .29843287401 0.00000000 
0.00000000 0.00000000 1.0000000 

GE:def2-SVP
def2-SVP

  3
    0    1    2
    5    4    3
   14   10    6

93889.8366420 14097.4975280 3207.5477309 905.76727269 295.11014693 
101.84713141 196.56719662 23.405292522 9.6839116702 17.269736544 
2.8964622160 1.2553621412 0.20213081492 0.73867910982D-01 

0.14233976060D-02 0.00000000 0.00000000 0.00000000 0.00000000 
0.10910795654D-01 0.00000000 0.00000000 0.00000000 0.00000000 
0.54183705943D-01 0.00000000 0.00000000 0.00000000 0.00000000 
0.18922820349 0.00000000 0.00000000 0.00000000 0.00000000 
0.38612847001 0.00000000 0.00000000 0.00000000 0.00000000 
0.30164050736 0.00000000 0.00000000 0.00000000 0.00000000 
0.00000000 -0.11118770940 0.00000000 0.00000000 0.00000000 
0.00000000 0.64616007369 0.00000000 0.00000000 0.00000000 
0.00000000 0.44188904568 0.00000000 0.00000000 0.00000000 
0.00000000 0.00000000 -0.23027421375 0.00000000 0.00000000 
0.00000000 0.00000000 0.73017169398 0.00000000 0.00000000 
0.00000000 0.00000000 0.46197222255 0.00000000 0.00000000 
0.00000000 0.00000000 0.00000000 1.0000000 0.00000000 
0.00000000 0.00000000 0.00000000 0.00000000 1.0000000 

1259.2085995 297.15626382 94.353387522 34.176329677 12.816139615 
6.8471029784 2.7717363939 1.1458418175 0.30679631536 0.89283644115D-01 

0.90115464252D-02 0.00000000 0.00000000 0.00000000 
0.67986841689D-01 0.00000000 0.00000000 0.00000000 
0.26853856488 0.00000000 0.00000000 0.00000000 
0.53659649219 0.00000000 0.00000000 0.00000000 
0.35633514961 0.00000000 0.00000000 0.00000000 
0.00000000 0.33900693119 0.00000000 0.00000000 
0.00000000 0.56809365264 0.00000000 0.00000000 
0.00000000 0.27246539884 0.00000000 0.00000000 
0.00000000 0.00000000 1.0000000 0.00000000 
0.00000000 0.00000000 0.00000000 1.0000000 

74.782168177 21.310849759 7.3464792363 2.5656271395 0.81981773070 
0.2460000 

0.25755860205D-01 0.00000000 0.00000000 
0.14536816132 0.00000000 0.00000000 
0.37134209859 0.00000000 0.00000000 
0.48002998436 0.00000000 0.00000000 
0.00000000 .28978790744 0.00000000 
0.00000000 0.00000000 1.0000000 

AS:def2-SVP
def2-SVP

  3
    0    1    2
    5    4    3
   14   10    6

100146.5255400 15036.8617110 3421.2902833 966.16965717 314.87394026 
108.70823790 209.54238950 25.038221139 10.390964343 18.555090093 
3.1281217449 1.3884885073 0.24714362141 0.91429428670D-01 

0.14258349617D-02 0.00000000 0.00000000 0.00000000 0.00000000 
0.10930176963D-01 0.00000000 0.00000000 0.00000000 0.00000000 
0.54294174610D-01 0.00000000 0.00000000 0.00000000 0.00000000 
0.18976078153 0.00000000 0.00000000 0.00000000 0.00000000 
0.38775195453 0.00000000 0.00000000 0.00000000 0.00000000 
0.30402812040 0.00000000 0.00000000 0.00000000 0.00000000 
0.00000000 -0.11162094204 0.00000000 0.00000000 0.00000000 
0.00000000 0.64697607762 0.00000000 0.00000000 0.00000000 
0.00000000 0.44223608673 0.00000000 0.00000000 0.00000000 
0.00000000 0.00000000 -0.22994190569 0.00000000 0.00000000 
0.00000000 0.00000000 0.73319107613 0.00000000 0.00000000 
0.00000000 0.00000000 0.45533653943 0.00000000 0.00000000 
0.00000000 0.00000000 0.00000000 1.0000000 0.00000000 
0.00000000 0.00000000 0.00000000 0.00000000 1.0000000 

1355.6443507 319.99929270 101.67734092 36.886323845 13.861115909 
7.4260666912 3.0316247187 1.2783078340 0.37568503356 0.11394805454 

0.89182507898D-02 0.00000000 0.00000000 0.00000000 
0.67454750717D-01 0.00000000 0.00000000 0.00000000 
0.26759772110 0.00000000 0.00000000 0.00000000 
0.53776844520 0.00000000 0.00000000 0.00000000 
0.35992570244 0.00000000 0.00000000 0.00000000 
0.00000000 0.34036849637 0.00000000 0.00000000 
0.00000000 0.57030149334 0.00000000 0.00000000 
0.00000000 0.26606170238 0.00000000 0.00000000 
0.00000000 0.00000000 1.0000000 0.00000000 
0.00000000 0.00000000 0.00000000 1.0000000 

84.445514539 24.190416102 8.4045015119 2.9808970748 0.97909243359 
0.2930000 

0.24518402724D-01 0.00000000 0.00000000 
0.14107454677 0.00000000 0.00000000 
0.36875228915 0.00000000 0.00000000 
0.48409561362 0.00000000 0.00000000 
0.00000000 .28250268781 0.00000000 
0.00000000 0.00000000 1.0000000 

SE:def2-SVP
def2-SVP

  3
    0    1    2
    5    4    3
   14   10    6

106612.2002700 16007.6047010 3642.1699707 1028.5912993 335.30298888 
115.80129154 222.93325020 26.726257934 11.124501923 19.888520061 
3.3668473803 1.5249277839 0.29630037912 0.11009288974 

0.14274889113D-02 0.00000000 0.00000000 0.00000000 0.00000000 
0.10943525114D-01 0.00000000 0.00000000 0.00000000 0.00000000 
0.54374171596D-01 0.00000000 0.00000000 0.00000000 0.00000000 
0.19018092947 0.00000000 0.00000000 0.00000000 0.00000000 
0.38913021696 0.00000000 0.00000000 0.00000000 0.00000000 
0.30620207088 0.00000000 0.00000000 0.00000000 0.00000000 
0.00000000 -0.11198808009 0.00000000 0.00000000 0.00000000 
0.00000000 0.64752124207 0.00000000 0.00000000 0.00000000 
0.00000000 0.44241976651 0.00000000 0.00000000 0.00000000 
0.00000000 0.00000000 -0.22857227762 0.00000000 0.00000000 
0.00000000 0.00000000 0.73591359951 0.00000000 0.00000000 
0.00000000 0.00000000 0.44330199577 0.00000000 0.00000000 
0.00000000 0.00000000 0.00000000 1.0000000 0.00000000 
0.00000000 0.00000000 0.00000000 0.00000000 1.0000000 

1455.9068120 343.75101831 109.29554964 39.707711022 14.950185232 
8.0208962094 3.2934649756 1.4058602438 0.45076123226 0.13353413325 

0.88203597043D-02 0.00000000 0.00000000 0.00000000 
0.66875851967D-01 0.00000000 0.00000000 0.00000000 
0.26640578080 0.00000000 0.00000000 0.00000000 
0.53834928422 0.00000000 0.00000000 0.00000000 
0.36303281993 0.00000000 0.00000000 0.00000000 
0.00000000 0.34153807025 0.00000000 0.00000000 
0.00000000 0.57257906583 0.00000000 0.00000000 
0.00000000 0.25549813222 0.00000000 0.00000000 
0.00000000 0.00000000 1.0000000 0.00000000 
0.00000000 0.00000000 0.00000000 1.0000000 

94.494024044 27.188185260 9.5091567352 3.4170516853 1.1479590083 
0.3380000 

0.23490101098D-01 0.00000000 0.00000000 
0.13747735767D+00 0.00000000 0.00000000 
0.36649929124D+00 0.00000000 0.00000000 
0.48750989884D+00 0.00000000 0.00000000 
0.00000000 .27657943383D+00 0.00000000 
0.00000000 0.00000000 1.0000000 

BR:def2-SVP
def2-SVP

  3
    0    1    2
    5    4    3
   14   10    6

113286.3877600 17009.6263030 3870.1842567 1093.0357227 356.39721797 
123.12539643 236.74084007 28.468661070 11.883443722 21.269633312 
3.6129226841 1.6626648969 0.34823793232 0.13019031394 

0.14283037779D-02 0.00000000 0.00000000 0.00000000 0.00000000 
0.10950417496D-01 0.00000000 0.00000000 0.00000000 0.00000000 
0.54421006604D-01 0.00000000 0.00000000 0.00000000 0.00000000 
0.19047907695 0.00000000 0.00000000 0.00000000 0.00000000 
0.39024642737 0.00000000 0.00000000 0.00000000 0.00000000 
0.30814432514 0.00000000 0.00000000 0.00000000 0.00000000 
0.00000000 -0.11228065671 0.00000000 0.00000000 0.00000000 
0.00000000 0.64775962312 0.00000000 0.00000000 0.00000000 
0.00000000 0.44235575986 0.00000000 0.00000000 0.00000000 
0.00000000 0.00000000 -0.22642576323 0.00000000 0.00000000 
0.00000000 0.00000000 0.73823712008 0.00000000 0.00000000 
0.00000000 0.00000000 0.42683868694 0.00000000 0.00000000 
0.00000000 0.00000000 0.00000000 1.0000000 0.00000000 
0.00000000 0.00000000 0.00000000 0.00000000 1.0000000 

1560.2801881 368.47859205 117.22978849 42.648909248 16.087225096 
8.6352810058 3.5613665502 1.5292626609 0.53064294848 0.15702758965 

0.87166669072D-02 0.00000000 0.00000000 0.00000000 
0.66243637420D-01 0.00000000 0.00000000 0.00000000 
0.26495610385 0.00000000 0.00000000 0.00000000 
0.53839160587 0.00000000 0.00000000 0.00000000 
0.36579387888 0.00000000 0.00000000 0.00000000 
0.00000000 0.34248787366 0.00000000 0.00000000 
0.00000000 0.57500678213 0.00000000 0.00000000 
0.00000000 0.24330394172 0.00000000 0.00000000 
0.00000000 0.00000000 1.0000000 0.00000000 
0.00000000 0.00000000 0.00000000 1.0000000 

104.85518642 30.281143688 10.651394267 3.8699456233 1.3240876762 
0.3890000 

0.22650147581D-01 0.00000000 0.00000000 
0.13455483230 0.00000000 0.00000000 
0.36474454537 0.00000000 0.00000000 
0.49044587056 0.00000000 0.00000000 
0.00000000 .27137289040 0.00000000 
0.00000000 0.00000000 1.0000000 

KR:def2-SVP
def2-SVP

  3
    0    1    2
    5    4    3
   14   10    6

120165.6487500 18042.5001690 4105.1800388 1159.4447248 378.13810346 
130.67610045 250.96373353 30.265930380 12.668110757 22.697940101 
3.8673017398 1.8013706671 0.40308639136 0.15170527749 

0.14294234496D-02 0.00000000 0.00000000 0.00000000 0.00000000 
0.10959597020D-01 0.00000000 0.00000000 0.00000000 0.00000000 
0.54479647470D-01 0.00000000 0.00000000 0.00000000 0.00000000 
0.19081239122 0.00000000 0.00000000 0.00000000 0.00000000 
0.39140445949 0.00000000 0.00000000 0.00000000 0.00000000 
0.31007346689 0.00000000 0.00000000 0.00000000 0.00000000 
0.00000000 -0.11258604011 0.00000000 0.00000000 0.00000000 
0.00000000 0.64816322524 0.00000000 0.00000000 0.00000000 
0.00000000 0.44240238994 0.00000000 0.00000000 0.00000000 
0.00000000 0.00000000 -0.22391964908 0.00000000 0.00000000 
0.00000000 0.00000000 0.74060953026 0.00000000 0.00000000 
0.00000000 0.00000000 0.40803658445 0.00000000 0.00000000 
0.00000000 0.00000000 0.00000000 1.0000000 0.00000000 
0.00000000 0.00000000 0.00000000 0.00000000 1.0000000 

1668.5736623 394.13862798 125.46644854 45.704992729 17.270133229 
9.2699487770 3.8364617719 1.6467163312 0.61479686489 0.18319467414 

0.86215009803D-02 0.00000000 0.00000000 0.00000000 
0.65665506884D-01 0.00000000 0.00000000 0.00000000 
0.26366576697 0.00000000 0.00000000 0.00000000 
0.53867658574 0.00000000 0.00000000 0.00000000 
0.36865167502 0.00000000 0.00000000 0.00000000 
0.00000000 0.34346189015 0.00000000 0.00000000 
0.00000000 0.57784776196 0.00000000 0.00000000 
0.00000000 0.23075615197 0.00000000 0.00000000 
0.00000000 0.00000000 1.0000000 0.00000000 
0.00000000 0.00000000 0.00000000 1.0000000 

115.55868603 33.477985864 11.834450207 4.3408254894 1.5079273157 
0.4430000 

0.21945485333D-01 0.00000000 0.00000000 
0.13211212879 0.00000000 0.00000000 
0.36333306964 0.00000000 0.00000000 
0.49300484446 0.00000000 0.00000000 
0.00000000 .26676858913 0.00000000 
0.00000000 0.00000000 1.0000000 

