   6.10000   6.30000    
    .000000E+00  .000000E+00  .000000E+00
   2862.30      79.5013      86.1495    
   3.51236      2.47961      4.21154    
  -109.107     -107.555      15355.5    
   1.75618      2.99918      6.07604    
    .273072      2.14389      .000000E+00
   3.69051      3.77701      .000000E+00
   7.38101      .000000E+00  .000000E+00
   6.00000      .000000E+00  .000000E+00
   512.000      .000000E+00  .000000E+00
  -112.945     -81.7537      .000000E+00
   8510.04      838.668      .000000E+00
  -261734.     -3952.35      .000000E+00
   .478009E+07  8767.87      .000000E+00
  -.523419E+08 -6599.37      .000000E+00
   .339124E+09  .000000E+00  .000000E+00
  -.120150E+10  .000000E+00  .000000E+00
   .179619E+10  .000000E+00  .000000E+00

