-8.030904527626744027e+01
-7.971397248712689532e+01
-7.861542882872443272e+01
-7.721010241630132498e+01
-7.573281737100369071e+01
-7.441176601726792228e+01
-7.343066527437663638e+01
-7.290615714335471864e+01
-7.288296215568063019e+01
-7.334357294888670253e+01
-7.422573969610282063e+01
-7.544056048003881187e+01
-7.688617998300469480e+01
-7.845551051154087929e+01
-8.003943141108136672e+01
-8.152850577573735791e+01
-8.281610623879396371e+01
-8.380442469819095663e+01
-8.441298837991016057e+01
-8.458782131067530941e+01
-8.430876697938342090e+01
-8.359281324869736807e+01
-8.249229039820139064e+01
-8.108812834928939139e+01
-7.947953057275255162e+01
-7.777213745357408925e+01
-7.606688159761009160e+01
-7.445133732461999898e+01
-7.299462500973773160e+01
-7.174608345038276980e+01
-7.073716702034326431e+01
-6.998546856759226387e+01
-6.949944371738494908e+01
-6.928231919328305821e+01
-6.933383663215337833e+01
-6.964896756632384722e+01
-7.021357329843357320e+01
-7.099807516402589158e+01
-7.195127287937563665e+01
-7.299707836396122218e+01
-7.403671507075672764e+01
-7.495769984649462003e+01
-7.564890993324513602e+01
-7.601887709829895812e+01
-7.601297280308173754e+01
-7.562502481708811786e+01
-7.490031848755927513e+01
-7.392943071228472718e+01
-7.283497192492660588e+01
-7.175501796839465385e+01
-7.082712171479006713e+01
-7.017534035008910109e+01
-6.990047922730748553e+01
-7.007193199292963470e+01
-7.071913589637637187e+01
-7.182210906371282988e+01
-7.330317237970872668e+01
-7.502438060217390614e+01
-7.679582631260453240e+01
-7.839790564047072507e+01
-7.961615688983594907e+01
-8.028201277251874046e+01
-8.030904527626744027e+01
