7.543862155957645754e-01
1.081759110344455932e+00
1.559078711501362013e+00
2.123638449594697164e+00
2.696701745460475141e+00
3.199022878985278595e+00
3.565395438593957689e+00
3.755071689696201975e+00
3.756361530634873880e+00
3.585382921757886976e+00
3.280244059411916879e+00
2.892595933038866196e+00
2.478513656810319432e+00
2.090265540701889080e+00
1.769976744362007581e+00
1.545677343300836393e+00
1.429814096663999390e+00
1.419994453599176421e+00
1.501498973274882243e+00
1.650945569216806685e+00
1.840435295642233848e+00
2.041563011269810435e+00
2.228814435712285658e+00
2.382045530433967606e+00
2.487904551703397082e+00
2.540191147793400273e+00
2.539258074600228454e+00
2.490664522786058210e+00
2.403382397171671681e+00
2.287909110601374252e+00
2.154615656375390209e+00
2.012544623927887688e+00
1.868703372847161592e+00
1.727745237523482302e+00
1.591869070989844648e+00
1.460826504098723166e+00
1.332067467366022884e+00
1.201190114657617602e+00
1.062894689325572184e+00
9.125242660427638208e-01
7.480373700806116632e-01
5.719936283981007508e-01
3.929622943373668464e-01
2.257721988006616276e-01
9.022947465664094002e-02
8.281629601492927067e-03
0.000000000000000000e+00
7.907828255998358702e-02
2.487259757116011549e-01
4.988471300000330566e-01
8.052558632086039836e-01
1.131426412307268814e+00
1.432929887300445237e+00
1.664272263672352370e+00
1.787318612865278489e+00
1.779916514965193874e+00
1.642857897482571383e+00
1.403168355678190649e+00
1.112114477237557519e+00
8.373679036786125796e-01
6.502999344659885494e-01
6.109657011868200316e-01
7.543862155957645754e-01
