3.750491664741473132e-03
0.000000000000000000e+00
2.005788791388020131e-01
5.866920428214955630e-01
1.113852998873967604e+00
1.722213060889911107e+00
2.348970044371238686e+00
2.939639109606286382e+00
3.455721460959599867e+00
3.877645167785253477e+00
4.203258208487155478e+00
4.443188982671362197e+00
4.614838155646996398e+00
4.736654108462676760e+00
4.823860994817444237e+00
4.886187665625167043e+00
4.927576053975392334e+00
4.947435268998689573e+00
4.942786700451142323e+00
4.910606084536406790e+00
4.849778463625172620e+00
4.762293378030119761e+00
4.653558558273870105e+00
4.531933069659340951e+00
4.407721341980550100e+00
4.291907967803944679e+00
4.194871320765531486e+00
4.125240586452713742e+00
4.089001830819842809e+00
4.088931055896351197e+00
4.124417246820860861e+00
4.191701293946344720e+00
4.284477796621627199e+00
4.394704070267627216e+00
4.513384540089479202e+00
4.631105979542761375e+00
4.738210900795365887e+00
4.824682909541373910e+00
4.880002140503330921e+00
4.893323496799542482e+00
4.854278390739485083e+00
4.754502632997159139e+00
4.589707851620995704e+00
4.361834678439139523e+00
4.080646682682756321e+00
3.764109554860389562e+00
3.437071373653812323e+00
3.128093436212781242e+00
2.864717515298918382e+00
2.667909925740448163e+00
2.546796356829284402e+00
2.494991716060011910e+00
2.489746057956749414e+00
2.494716182901263402e+00
2.466443439217475220e+00
2.363677136003878410e+00
2.157741057475535129e+00
1.841487217128271903e+00
1.434305264081452869e+00
9.813298074637505364e-01
5.463544147097881831e-01
1.996889506235551837e-01
3.750491664741473132e-03
