0.000000000000000000e+00
8.212058078649139836e-02
3.075319336857481600e-01
6.434412036680726699e-01
1.040978905335172566e+00
1.445239024171967479e+00
1.805588957003002593e+00
2.083587342019771693e+00
2.256929353971346419e+00
2.319293308156097133e+00
2.277202963708129690e+00
2.145636521145381614e+00
1.944010606654950069e+00
1.693540047038321950e+00
1.416164447091093015e+00
1.134563709068038495e+00
8.724484951964556201e-01
6.543410204112658501e-01
5.043688083513454545e-01
4.440335681420210512e-01
4.893392471999268856e-01
6.479471892647332698e-01
9.170991155668388739e-01
1.282897537746213734e+00
1.721208828322347895e+00
2.200060677342541737e+00
2.683069651514591758e+00
3.133259976636489252e+00
3.516661360698709160e+00
3.805260489638754073e+00
3.979125774371436997e+00
4.027714916316551985e+00
3.950442024151347375e+00
3.756535418319881803e+00
3.464135607863697786e+00
3.098564883953040638e+00
2.689801469046208204e+00
2.269393359437581026e+00
1.867257245691009926e+00
1.508910857986172083e+00
1.213608590368956630e+00
9.936015998181750852e-01
8.544208327713019857e-01
7.958187157442271342e-01
8.129075523516210433e-01
8.971233131499422031e-01
1.036855899435660699e+00
1.217804163099177384e+00
1.423235702112751300e+00
1.634329176226394287e+00
1.830705189643675235e+00
1.991204706533112212e+00
2.095011451411715075e+00
2.123304433506819411e+00
2.061646430924485074e+00
1.903126227013933081e+00
1.651835224335210572e+00
1.325706734884224636e+00
9.573696718260663596e-01
5.917822740212355104e-01
2.801646001895805038e-01
7.098297124063771002e-02
0.000000000000000000e+00
