-1.169487770859813764e+02
-1.166051845759706964e+02
-1.156620634754402062e+02
-1.142566190898341603e+02
-1.125933213460590139e+02
-1.109018970088458644e+02
-1.093941928898808129e+02
-1.082310476469706515e+02
-1.075057846689652621e+02
-1.072448538846562656e+02
-1.074209598858265622e+02
-1.079714338815090997e+02
-1.088150367077370646e+02
-1.098630055291730372e+02
-1.110235450393522427e+02
-1.122017625272407031e+02
-1.132984525820794062e+02
-1.142110142565806399e+02
-1.148384979918393469e+02
-1.150909406368751604e+02
-1.149013816756968822e+02
-1.142377660460977324e+02
-1.131116343864497225e+02
-1.115811337880512184e+02
-1.097472393482806723e+02
-1.077437232119801820e+02
-1.057228136640443239e+02
-1.038392173437343047e+02
-1.022350659528179762e+02
-1.010275671973328286e+02
-1.003001148460112830e+02
-1.000968178761129224e+02
-1.004201276569321379e+02
-1.012314328957309897e+02
-1.024548337026796645e+02
-1.039843816115218544e+02
-1.056946477394920407e+02
-1.074536352700945372e+02
-1.091361727700101909e+02
-1.106354940561672322e+02
-1.118710387438776621e+02
-1.127915479923421316e+02
-1.133738803216662490e+02
-1.136190715793075299e+02
-1.135475718869421939e+02
-1.131952131437620181e+02
-1.126105720027425718e+02
-1.118534844675744182e+02
-1.109939589083416251e+02
-1.101107438126501421e+02
-1.092891065725122388e+02
-1.086175765938468345e+02
-1.081832491732747599e+02
-1.080648713361888440e+02
-1.083228484189933312e+02
-1.089860969521550800e+02
-1.100374985073628551e+02
-1.114020201072257805e+02
-1.129431423790611149e+02
-1.144727600514765271e+02
-1.157765683987881715e+02
-1.166517843343105483e+02
-1.169487770859813764e+02
