8.923173626103557410e-02
3.242391412261971806e-01
6.838419023183079926e-01
1.114245077788682536e+00
1.544382018931698797e+00
1.903678876489892202e+00
2.134404535905239708e+00
2.206624773905697889e+00
2.139274302507677916e+00
1.981095600907980092e+00
1.785621993014680164e+00
1.598456264897438084e+00
1.448480603073693196e+00
1.344132793880134180e+00
1.275337088343568848e+00
1.225779636331828071e+00
1.128960187290331874e+00
9.676911561891553548e-01
8.021741791509506836e-01
6.496462109346996527e-01
5.321960262172829026e-01
4.671749913650799502e-01
4.545736046153762144e-01
4.772028017902729125e-01
5.040532517485676323e-01
4.977906574676247975e-01
4.335880587240922290e-01
3.129145840270204926e-01
1.651636747762855462e-01
4.035067248233879800e-02
0.000000000000000000e+00
8.923173626103557410e-02
