8.269857661400260573e-01
6.948753488027367142e-01
7.363809415687613269e-01
9.212986300837587850e-01
1.197836928938958989e+00
1.504769009310279015e+00
1.784226452484088510e+00
1.991872545031550645e+00
2.102372348792272749e+00
2.109721639052371422e+00
2.023485833529245159e+00
1.862874774343786344e+00
1.650688921085572636e+00
1.408663890441881117e+00
1.154930541349355577e+00
9.035237630702597222e-01
6.653335501824273468e-01
4.496693681906917539e-01
2.656603530136227298e-01
1.229428889845579492e-01
3.139609842834713976e-02
0.000000000000000000e+00
3.515548134830061983e-02
1.389728673987868646e-01
3.080664774611746592e-01
5.332672622082055280e-01
8.004080462998823808e-01
1.092020981086002873e+00
1.389522635607589152e+00
1.675347230338626536e+00
1.934564384138154569e+00
2.155744561370294132e+00
2.331108107825892617e+00
2.456193571497895967e+00
2.529335219903324994e+00
2.551156079332881355e+00
2.524138956018951330e+00
2.452231765167439015e+00
2.340435272569620473e+00
2.194400283054303014e+00
2.020156360556657482e+00
1.824120806008010076e+00
1.613451042127230561e+00
1.396632538176115546e+00
1.184023885870957304e+00
9.880098156713688073e-01
8.224994045959587163e-01
7.017319783256761312e-01
6.386265983199418406e-01
6.431101566050457796e-01
7.208870774789271074e-01
8.729459056715163090e-01
1.095797271786873806e+00
1.382129893048765990e+00
1.721394319258413796e+00
2.099870990732601861e+00
2.500058366766622964e+00
2.899644285030430257e+00
3.270745713017861878e+00
3.580340803610894351e+00
3.792725909042538035e+00
3.874348220138803089e+00
3.800560738284356699e+00
3.562933881705291572e+00
3.175061591205245115e+00
2.674659065237523503e+00
2.120377404913205144e+00
1.583109181618626904e+00
1.133266039586590113e+00
8.269857661400260573e-01
