-7.736899978747003104e+01
-7.792174977360924970e+01
-7.774809037347620233e+01
-7.697439476472945330e+01
-7.581735852231929584e+01
-7.453315469804569204e+01
-7.336390475580647319e+01
-7.249511350458789138e+01
-7.203278232565303085e+01
-7.200203289520477767e+01
-7.236284350551353839e+01
-7.303484017714549736e+01
-7.392262578717786425e+01
-7.493525851539106952e+01
-7.599687884799419635e+01
-7.704876480831393337e+01
-7.804535265903662378e+01
-7.894769159649004564e+01
-7.971758531599090247e+01
-8.031471518548850952e+01
-8.069774695717569557e+01
-8.082910823299990000e+01
-8.068201769903861020e+01
-8.024764575580337578e+01
-7.954015809130234516e+01
-7.859791800792076799e+01
-7.748020096728119199e+01
-7.626009244813606358e+01
-7.501534552561774660e+01
-7.381945542126308624e+01
-7.273489084976586128e+01
-7.180947298822658809e+01
-7.107575190985636482e+01
-7.055239432985270298e+01
-7.024636967292438783e+01
-7.015507119707112338e+01
-7.026811084101660754e+01
-7.056897052753933508e+01
-7.103672705256860809e+01
-7.164773744870069550e+01
-7.237677402043084385e+01
-7.319698678066238529e+01
-7.407842907273956712e+01
-7.498559769327103197e+01
-7.587515229451581433e+01
-7.669527516423089253e+01
-7.738777072417040870e+01
-7.789306163568527097e+01
-7.815709454562926339e+01
-7.813833533776438856e+01
-7.781291670082806888e+01
-7.717670256367027548e+01
-7.624429244784361970e+01
-7.504627676048386320e+01
-7.362679440122269625e+01
-7.204324800777469306e+01
-7.036886402644834959e+01
-6.869699654443257941e+01
-6.714430816973316496e+01
-6.584896231069191685e+01
-6.496034302956591944e+01
-6.461883527993914811e+01
-6.492756210401815054e+01
-6.592179287194495885e+01
-6.754465053539715313e+01
-6.963833470404610182e+01
-7.195744917084304859e+01
-7.420537941710756513e+01
-7.608752312336960699e+01
-7.736899978747003104e+01
