-1.800000000000000000e+02
-1.777070063694267503e+02
-1.754140127388535007e+02
-1.731210191082802510e+02
-1.708280254777070013e+02
-1.685350318471337516e+02
-1.662420382165605020e+02
-1.639490445859872807e+02
-1.616560509554140310e+02
-1.593630573248407813e+02
-1.570700636942675317e+02
-1.547770700636942536e+02
-1.524840764331210323e+02
-1.501910828025477542e+02
-1.478980891719745046e+02
-1.456050955414012549e+02
-1.433121019108280052e+02
-1.410191082802547839e+02
-1.387261146496815343e+02
-1.364331210191082846e+02
-1.341401273885350349e+02
-1.318471337579617852e+02
-1.295541401273885356e+02
-1.272611464968152859e+02
-1.249681528662420362e+02
-1.226751592356687866e+02
-1.203821656050955511e+02
-1.180891719745223014e+02
-1.157961783439490233e+02
-1.135031847133757879e+02
-1.112101910828025382e+02
-1.089171974522293027e+02
-1.066242038216560530e+02
-1.043312101910828034e+02
-1.020382165605095537e+02
-9.974522292993630401e+01
-9.745222929936305434e+01
-9.515923566878981887e+01
-9.286624203821655499e+01
-9.057324840764330531e+01
-8.828025477707005564e+01
-8.598726114649680596e+01
-8.369426751592355629e+01
-8.140127388535032082e+01
-7.910828025477707115e+01
-7.681528662420382148e+01
-7.452229299363057180e+01
-7.222929936305732213e+01
-6.993630573248408666e+01
-6.764331210191082278e+01
-6.535031847133758731e+01
-6.305732484076433764e+01
-6.076433121019108796e+01
-5.847133757961784539e+01
-5.617834394904456730e+01
-5.388535031847132473e+01
-5.159235668789807505e+01
-4.929936305732482538e+01
-4.700636942675158281e+01
-4.471337579617833313e+01
-4.242038216560509056e+01
-4.012738853503184089e+01
-3.783439490445859121e+01
-3.554140127388534864e+01
-3.324840764331209897e+01
-3.095541401273884929e+01
-2.866242038216560317e+01
-2.636942675159235705e+01
-2.407643312101910738e+01
-2.178343949044586125e+01
-1.949044585987261513e+01
-1.719745222929936546e+01
-1.490445859872611933e+01
-1.261146496815287321e+01
-1.031847133757962531e+01
-8.025477707006352546e+00
-5.732484076433105535e+00
-3.439490445859858081e+00
-1.146496815286610849e+00
1.146496815286636384e+00
3.439490445859883838e+00
5.732484076433131293e+00
8.025477707006377415e+00
1.031847133757962531e+01
1.261146496815287321e+01
1.490445859872611933e+01
1.719745222929936546e+01
1.949044585987261513e+01
2.178343949044586125e+01
2.407643312101910738e+01
2.636942675159235705e+01
2.866242038216560317e+01
3.095541401273884929e+01
3.324840764331209897e+01
3.554140127388534864e+01
3.783439490445859121e+01
4.012738853503184089e+01
4.242038216560511188e+01
4.471337579617836155e+01
4.700636942675160412e+01
4.929936305732482538e+01
5.159235668789810347e+01
5.388535031847132473e+01
5.617834394904459572e+01
5.847133757961781697e+01
6.076433121019108796e+01
6.305732484076430922e+01
6.535031847133758731e+01
6.764331210191085120e+01
6.993630573248408666e+01
7.222929936305735055e+01
7.452229299363057180e+01
7.681528662420384990e+01
7.910828025477707115e+01
8.140127388535033504e+01
8.369426751592355629e+01
8.598726114649683439e+01
8.828025477707005564e+01
9.057324840764333373e+01
9.286624203821655499e+01
9.515923566878981887e+01
9.745222929936304013e+01
9.974522292993631822e+01
1.020382165605095395e+02
1.043312101910828176e+02
1.066242038216560388e+02
1.089171974522293027e+02
1.112101910828025240e+02
1.135031847133758021e+02
1.157961783439490802e+02
1.180891719745223014e+02
1.203821656050955653e+02
1.226751592356687866e+02
1.249681528662420646e+02
1.272611464968152859e+02
1.295541401273885640e+02
1.318471337579617852e+02
1.341401273885350633e+02
1.364331210191082846e+02
1.387261146496815627e+02
1.410191082802547839e+02
1.433121019108280336e+02
1.456050955414012549e+02
1.478980891719745330e+02
1.501910828025477542e+02
1.524840764331210323e+02
1.547770700636942536e+02
1.570700636942675317e+02
1.593630573248407529e+02
1.616560509554140310e+02
1.639490445859872807e+02
1.662420382165605020e+02
1.685350318471337800e+02
1.708280254777070013e+02
1.731210191082802794e+02
1.754140127388535007e+02
1.777070063694267787e+02
1.800000000000000000e+02
