1.267174721576534324e+00
1.466636217417507382e+00
1.759322900322296990e+00
2.104558004570219243e+00
2.455046406082456389e+00
2.766392520532626964e+00
3.005056905785578270e+00
3.153003374125660230e+00
3.208368788868105614e+00
3.182613096547351361e+00
3.095426113710885385e+00
2.968990893560419231e+00
2.823038749757573740e+00
2.671635160558442745e+00
2.522024340775946616e+00
2.375321243318945896e+00
2.228484316131266407e+00
2.076858808060955131e+00
1.916617563638516764e+00
1.746585369869752213e+00
1.569152996899207952e+00
1.390217277539259610e+00
1.218285543612170008e+00
1.063028568506919402e+00
9.336372262395336019e-01
8.373270346246461937e-01
7.782497499346390235e-01
7.569386254119366830e-01
7.702754621143871328e-01
8.118686020385168511e-01
8.727029607867076155e-01
9.419666446449089792e-01
1.008037728106436548e+00
1.059669703382252193e+00
1.087390801943486585e+00
1.085015403484896446e+00
1.050996917399797725e+00
9.892194582117327384e-01
9.088260410798875144e-01
8.228646663957069896e-01
7.458690847663744794e-01
6.908649304800812407e-01
6.665522626062886369e-01
6.754397138408347878e-01
7.134602998070712632e-01
7.711620772185562300e-01
8.360965808055976778e-01
8.956959515728007970e-01
9.398484906436226360e-01
9.625622740633440477e-01
9.624589634966940199e-01
9.422225207953413006e-01
9.074050470166605820e-01
8.650864915097709051e-01
8.227955755217611911e-01
7.878896375785768846e-01
7.673562602319902171e-01
7.678278613697194777e-01
7.955446044229504965e-01
8.560651863044619336e-01
9.536697398838995809e-01
1.090559806314101987e+00
1.266073823228652584e+00
1.476164554465260403e+00
1.713326388034067449e+00
1.967047491116886704e+00
2.224740907933707046e+00
2.473017662620532686e+00
2.699117829143140579e+00
2.892303132096867735e+00
3.045018903163783985e+00
3.153645091927326227e+00
3.218684070946232101e+00
3.244296429743838583e+00
3.237206699655795106e+00
3.205146616013919036e+00
3.155143991440903850e+00
3.092046714395520368e+00
3.017651065850187830e+00
2.930672060783814814e+00
2.827582520164618529e+00
2.704119108018565587e+00
2.557076650292345210e+00
2.385937692979640090e+00
2.193929364340625021e+00
1.988244894806024954e+00
1.779367504690346768e+00
1.579635674081287577e+00
1.401344243200109974e+00
1.254756623578182628e+00
1.146402449808006541e+00
1.077963783177805501e+00
1.045934999347541972e+00
1.042104347768489259e+00
1.054773584214505178e+00
1.070523425405704998e+00
1.076255820119856432e+00
1.061202072145175812e+00
1.018579899681758105e+00
9.466158366806199931e-01
8.487274712684803601e-01
7.327858925753706343e-01
6.095449286377874198e-01
4.905055635458295260e-01
3.856389301972128481e-01
3.014687258822481564e-01
2.399723035473646515e-01
1.985866949580670504e-01
1.713313408905609014e-01
1.507541117651762796e-01
1.301642820301040226e-01
1.055196117671530348e-01
7.642771584838652099e-02
4.598659418783392766e-02
1.954817392949731100e-02
2.828768285252468949e-03
0.000000000000000000e+00
1.240095489280593904e-02
3.830941098218191426e-02
7.385758131243878866e-02
1.147873624749444488e-01
1.584398851398395036e-01
2.052683821723823299e-01
2.592958901515028947e-01
3.272744433223182536e-01
4.167319585251619274e-01
5.334705450540787597e-01
6.792733500143515180e-01
8.505192411685159604e-01
1.038121080753784176e+00
1.228801931879726528e+00
1.407349801823604363e+00
1.559268659073278496e+00
1.673224485568696407e+00
1.742838744620982316e+00
1.767616376354332219e+00
1.753007788027581171e+00
1.709726083773201566e+00
1.652463236279709147e+00
1.598115313102192570e+00
1.563601479424881147e+00
1.563393320558653876e+00
1.606970368319858178e+00
1.696553772817341210e+00
1.825585955691699791e+00
1.978458527793981681e+00
2.131896521613700024e+00
2.258162984162208176e+00
2.329868019867684215e+00
2.325707837780275788e+00
2.236028247101330635e+00
2.066848348340303954e+00
1.841041970717042231e+00
1.595846330308158700e+00
1.376714420638849523e+00
1.228556489040131705e+00
1.186307713857934321e+00
1.267174721576534324e+00
