-6.271412059813168582e+01
-6.187957369953305431e+01
-6.065497261825941422e+01
-5.921050894208610771e+01
-5.774406547015890823e+01
-5.644139332729939440e+01
-5.544282153940104507e+01
-5.482381351586614215e+01
-5.459216462058375186e+01
-5.469992643725378656e+01
-5.506471677344156035e+01
-5.559372173455111010e+01
-5.620438550422221624e+01
-5.683785812143138116e+01
-5.746382979140134495e+01
-5.807763555116143550e+01
-5.869200125451468608e+01
-5.932640238028086799e+01
-5.999685174694435119e+01
-6.070826644567286223e+01
-6.145064349418161953e+01
-6.219931054398364267e+01
-6.291867291873458612e+01
-6.356826810257495453e+01
-6.410964147862169682e+01
-6.451260332033838552e+01
-6.475978267948137557e+01
-6.484894842448436236e+01
-6.479314709972130970e+01
-6.461912140227875057e+01
-6.436459044527632045e+01
-6.407479119201360618e+01
-6.379834977881057512e+01
-6.358232159425656249e+01
-6.346633651787635699e+01
-6.347627518502709876e+01
-6.361860853080715117e+01
-6.387708542005001533e+01
-6.421345147732965586e+01
-6.457311386900826733e+01
-6.489526338254539439e+01
-6.512540076407924516e+01
-6.522712496646319380e+01
-6.518993987049785233e+01
-6.503086173881511911e+01
-6.478943750212546604e+01
-6.451775153911728466e+01
-6.426838777182730666e+01
-6.408365354835498806e+01
-6.398861907852687381e+01
-6.398905132993773748e+01
-6.407372060620019738e+01
-6.421939691649019721e+01
-6.439645775273102402e+01
-6.457340294522485635e+01
-6.471944938957913962e+01
-6.480536104039725842e+01
-6.480338786123699890e+01
-6.468742100830228026e+01
-6.443420289371003662e+01
-6.402582544153366939e+01
-6.345307740358970250e+01
-6.271872675681922260e+01
-6.183970713732525581e+01
-6.084742202567336733e+01
-5.978585293037485116e+01
-5.870766367441327560e+01
-5.766887373280359697e+01
-5.672287063607300439e+01
-5.591458332851460966e+01
-5.527562054237063194e+01
-5.482112856858397265e+01
-5.454900548036886931e+01
-5.444184337115968475e+01
-5.447150680184805793e+01
-5.460564619180566837e+01
-5.481485717301916338e+01
-5.507885618017704843e+01
-5.539012757369071949e+01
-5.575404773088842347e+01
-5.618537436883914182e+01
-5.670194528525822619e+01
-5.731717092838473349e+01
-5.803321632578109046e+01
-5.883657917280672933e+01
-5.969716299333949650e+01
-6.057110599358349390e+01
-6.140678397285179813e+01
-6.215275531965864531e+01
-6.276607792015678911e+01
-6.321943178321120627e+01
-6.350577916439196713e+01
-6.363978759593778989e+01
-6.365581504214454611e+01
-6.360280695685441543e+01
-6.353690962131043563e+01
-6.351292528182642627e+01
-6.357591016335248923e+01
-6.375424133293942930e+01
-6.405533897253619102e+01
-6.446490389342058336e+01
-6.495000345867255476e+01
-6.546564365178740275e+01
-6.596370435533215471e+01
-6.640246634926276670e+01
-6.675463448411657907e+01
-6.701193551516573166e+01
-6.718509290150335289e+01
-6.729912930292179851e+01
-6.738522442958240788e+01
-6.747137227719395014e+01
-6.757448557757413710e+01
-6.769620607009825619e+01
-6.782357172312600824e+01
-6.793419007348688865e+01
-6.800414406670240908e+01
-6.801597963320790541e+01
-6.796409403793640536e+01
-6.785569305765845627e+01
-6.770695951299666149e+01
-6.753570930861273780e+01
-6.735306715378281694e+01
-6.715713672219865771e+01
-6.693108562881401724e+01
-6.664666336234732569e+01
-6.627237311873862780e+01
-6.578393887270163987e+01
-6.517389993674785842e+01
-6.445740712815883455e+01
-6.367248103133407255e+01
-6.287467235022312906e+01
-6.212762806237794422e+01
-6.149199956364530806e+01
-6.101520838558847970e+01
-6.072394232571371475e+01
-6.062027271454137889e+01
-6.068139504810050511e+01
-6.086248569870083003e+01
-6.110207345261360246e+01
-6.132946516318833119e+01
-6.147387104329420282e+01
-6.147474197999049750e+01
-6.129241561215761891e+01
-6.091759864774014943e+01
-6.037772799459383322e+01
-5.973810915291788604e+01
-5.909612458677618463e+01
-5.856782570747322580e+01
-5.826781183808151354e+01
-5.828521803993523065e+01
-5.866043744733593712e+01
-5.936828614375207280e+01
-6.031306002772780062e+01
-6.133895858719856875e+01
-6.225580649725495874e+01
-6.287569928306399447e+01
-6.305246815842630781e+01
-6.271412059813168582e+01
